129.4
216
157.4
78.3
72.9
38.3
81.7
90.1
88.3
45.1
163.9
197.8
87.8
218.4
31.5
89.3
34.3
31.5
120.8
69.3
47.5
59.9
96.9
201
276.7
171.1
65.3
139.5
142.2
85.5
156.6
119.4
71
265.5
164.1
139.5
116.3
29.4
70
122.7
102.4
81.2
67.3
221.6
143.8
193.7
163.8
94.1
214.2
217.8
50.5
19.8
80.6
48.9
103.6
107.3
241.3
253.3
116
170.9
135.2
18.9
103.9
75.4
49.7
62.8
34.1
111.3
154.3
72.6
137.6
259.4
213.3
171.4
188.3
107.7
200.2
70.9
152.8
151.6
76.8
53.8
106.5
157.5
312.7
20.6
225.1
48.5
86.7
23
104.4
174.5
69.7
118.5
80.7
249.1
124.6
143.7
89.2
77.6
107.9
65.5
173.9
100.5
77
79.1
92.3
149
141
157.5
60.4
110.3
92.5
53.5
137
261.9
181.9
243.3
157.1
148.8
174.9
36
26
98.2
143.6
78.8
141.6
167.1
181.2
116.2
130.2
287
175.7
167.6
58.5
191.1
236.3
30.2
63.7
166
96
164.5
51.9
146.3
239.5
201.1
95.6
103.2
94.7
98.5
142.8
176.5
147.1
153.8
209.7
51.3
207.4
87.7
109.8
107.4
103
154.1
134.5
193.8
231.9
198.5
174.8
44.6
394.3
216.2
168.5
45.3
39.2
199.9
133.1
240.8
111
300.4
224
149.9
56.4
52.7
33.4
40.6
107.5
112.7
202.1
196.6
30
174.6
277.6
330.9
273.3
18.6
101.7
58.5
79.1
106.1
142.6
230.6
107.5
297.1
175.8
136.5
129.7
150.5
28.4
80
116.6
260.2
145.8
45.8
37.2
135.5
286.1
146.3
297.2
4.6
106.3
134.6
86.2
48
197.7
56.5
157.2
230.7
148.3
333.6
227.3
146.2
93.1
77.1
63.9
56.1
173.7
72.6
26.3
94
52.6
36.8
284.7
10.1
113.2
129.2
121.7
65.7
64.2
177.7
181.4
248
57.5
222.1
82.2
195.2
65.3
147.3
29.4
136.1
62.7
127.9
192.1
257.1
155.7
70.6
208
86
116.4
37.3
15.4
73.2
174.5
81.7
142
174
136
240.3
235.1
161.2
81.5
73.5
65.7
104.2
109.7
110
113.4
94.6
30.1
121.7
241.6
107.4
97.4
23.2
157.2
236.5
225.2
76.7
124.1
290.9
289.8
114
171.6
235.2
142.7
62.8
30.6
107.5
183.1
59.4
73.1
84.3
235.6
78.6
85.6
71.9
164.8
97.8
37.3
39.1
169.4
71
134.8
151.3
179.6
187.5
41.8
101.7
115.7
74.5
95.4
50.3
118.5
181.9
66.5
163.3
134
85.2
210.9
73.3
119.5
80.8
137.7
28.8
102
137.3
179
170
37.7
234.7
200.6
139.5
60.4
101.9
172.6
154.8
99
193.9
148.9
256.1
105.9
68.8
199.5
91.4
17
94.7
97.9
142.7
79.2
107.8
157
115.5
262.6
208.7
161.4
209.5
122.4
80.1
160.7
127.1
99.7
50.9
177
156.5
16.1
88.1
193.5
99.9
133.7
50.1
34.3
161.9
116.3
158.8
240.6
22.8
274.3
165.8
165.7
30.8
145.1
254
88.7
124.9
114.2
0.8
117.2
39.2
220.5
79.4
260
148.1
115
111.9
45
176
101.3
253.9
174.4
151.5
134.7
200.4
173.1
164.8
63.2
163.8
83.2
33.2
67.1
93.4
68.3
190.7
168.2
305
120.5
161.8
173.8
156.8
57.3
131.8
152.5
206.4
308.8
118.2
122.8
63.5
200.1
117
134.6
137
55.7
61.9
118.9
181.5
175.2
11.7
262
239.5
193.1
31.2
99.2
93.3
71.5
110.5
92.1
114
59.7
128.7
100.5
133.2
64.1
51.8
23.1
111.8
73.7
139.8
242.7
124.5
145.8
90.3
221.7
111.2
140.9
110.1
112.8
35.6
178.7
157.7
134.7
148.3
222.8
316.9
273.1
218.7
147.5
86.5
86.8
63.8
104.2
77.9
65.1
39.1
118.2
78.9
48.2
205.1
112.4
53.7
65.6
26.7
98.4
91.9
173.6
225.6
121.7
130.5
71.5
218.7
259.2
135.2
134.6
73.9
55.5
42.4
125.3
168.5
108.5
196.5
59.7
158.1
163.9
127.8
49.3
63.3
110.2
94.7
170
153.7
155.3
119.2
54.2
136.9
101.9
52.1
105.1
116.8
76.8
99.7
135.3
24.6
46.1
161.1
258.2
234
180.8
201.5
56.6
146.8
80.8
97.8
112
148.6
93.2
75.4
202.1
166.4
138.5
153.8
72.4
93.6
61.7
58.5
96.7
148.2
170.2
213.2
104.4
120.4
276.2
101.8
64.1
117.8
85.2
84.1
106.6
248.9
215.1
76.6
99.3
108.4
52.8
41
226.4
119.7
156.7
118.3
85.9
163.4
126.4
143.5
284.5
56.3
78.4
43.6
79.8
93.7
146.7
124.6
99.4
103.6
144.3
130.9
119.9
218.5
193.2
28
98.2
110.3
81.9
158.1
128.5
147.1
150.6
146.1
108.7
173.8
108.5
201.1
122
83.6
120.9
112.2
55.4
121.8
181.8
116.6
108.5
213.8
104.3
152
118.3
66.4
215.3
75.4
174.6
100.2
155.8
330.6
97.7
86.5
125.1
67.1
170
72.1
93.9
63.2
52.4
83.2
211.4
226.9
105.5
105.6
128.3
68.8
67.5
74
100.9
84.6
61.8
61.1
107.9
85.1
151.2
146.3
145.9
121.5
60.2
120.4
39.4
89.6
129.6
85.6
194.6
155.8
201.4
96.2
117.9
142.7
112.1
43.3
90.8
76.6
106.3
103.5
44.7
138.4
125.2
94.5
144.5
100.2
93.4
175.9
150.8
165.5
75.9
77.6
17.8
58.4
183.7
174.1
111.7
74.4
62.5
89.8
111.7
65.8
76.6
111
42
62.7
76.7
143.2
292
105.3
78.7
24.9
44.3
95.5
87.4
109.6
178.4
47.1
199.5
287.5
339.5
67.4
65.7
111.8
47.7
56.5
116.1
57.6
227.9
88.5
113.9
44.7
153.9
97.9
137.7
57
165.5
68
84.7
25
150.7
134.9
115.6
107.1
118.5
139.2
158.7
121.2
58.6
95.2
48.5
114.8
212.2
274.8
191.9
158.9
139.7
102.9
225.4
32.7
16.3
51.4
94.2
96.5
161.7
70.9
253.3
192.5
72.8
47.4
223.9
101.4
88.3
71.5
63.4
162.5
145.5
189.7
229.2
252.2
91
138.2
124.7
16.8
31.6
148
97.2
208.3
178.6
191.7
182.8
218
109.7
91.5
221.8
67.9
93.6
140.7
116.7
36.1
272.7
214.5
210.6
62
181.3
186.5
190.6
36.5
103.5
83.4
102.5
138.6
155.6
232.1
248.6
247.6
288.4
62.3
204.8
71.4
138.1
95.7
37.4
34.5
116.5
278.2
33.1
200.1
303.5
108.5
87.4
37.5
4.1
55.3
28.8
42.4
109.5
232.3
242.1
159.2
78.2
37.1
123
129.2
86
83.4
203.6
345.4
273.4
119
124.3
270.6
213.3
19.3
187.9
93.7
257.5
100.5
103.2
166.6
29.1
193.1
266.8
331
84.7
84.6
173
83.7
68.2
119.7
114.4
162.2
142.4
184.5
123
184.3
223.9
146.8
133.5
97.4
68.7
22.2
268.9
185.3
174.6
174.3
120.2
130.5
181.8
217.4
281.7
68.7
47.1
87.5
44.8
217.7
104.1
144.8
60.7
114.5
368.7
344.7
131.2
77
70.4
150.8
90.1
98.8
83.6
246.8
67.9
245.2
191.2
148.7
169.8
150.5
18.1
109
86.3
65.4
103
190.5
230.6
184
148.1
175.8
253.7
154.9
83.4
13.2
111.2
290.1
192.4
108.1
264.2
162.7
300.9
29.8
108.8
170.8
176.9
71.1
131.3
50.3
129.4
63.7
85.8
351
227.1
114.4
262.2
128.9
44
107.3
113.6
140.5
69
88.1
223.7
317.7
258.1
221.3
173.4
45.4
93
52.2
103.7
24.3
117.7
335.1
103.6
54.8
118.4
200.7
45.4
147.2
87.6
85.6
85.1
50.1
78.5
326
190.9
130
38.4
401.6
138.7
60.4
132.3
139.7
113.8
75.9
142.9
89.8
139.8
229.7
158
132.9
153.3
132.1
75.2
185.3
183.7
154.6
120
276.1
204.5
184.1
291.3
119.5
133.1
136.7
164.3
113.1
69.5
72.7
138.2
106.2
205.6
274.2
180.1
244.4
108.4
93.1
72.4
95.2
74.8
155.6
185.2
240.2
211.2
225.9
87.4
134.5
69.8
93.3
35
93.8
93.8
131.8
121.8
254.4
137.3
86.5
262.6
335.5
137.7
124.5
172
189.8
109.8
129.5
60.8
230.8
197.2
129.2
164
68.9
109.6
65.8
127.6
57
167.4
33.6
83.6
62.6
207.2
163.4
226.4
118.8
148
155.6
63.2
130.4
68.2
309
222.6
227
88.5
177
312
126.8
96.8
123
169.6
91.6
56.4
125
135.2
291.8
140.7
76.9
128.6
100.2
184
117.3
113.6
65.6
81
76.2
181.6
159.2
285
331.4
286.9
125.2
137
40
146.7
137.6
168.2
124.8
107.6
69.6
124.6
197.6
338
183.4
180.6
74.1
17.6
166.8
149.5
224.6
124
351.8
125
152.7
248
65.6
138
80.8
157.2
79.8
235.1
393
91.2
146.6
431.6
112
71.3
48.8
150.2
74.6
36.6
32.8
249
95.8
151.6
108.6
201.4
61.5
205.4
266.1
124.3
101.4
224
116
134.8
150.8
236
249.6
212.4
268.8
164
101.8
58.2
95.2
82.2
245.6
203
202.4
169.4
190.6
239.2
243.6
189.7
98.2
56.1
165.4
119.4
82.2
134.4
102
117.8
242.8
96.8
390.4
129.4
216
157.4
78.3
72.9
38.3
81.7
90.1
88.3
45.1
163.9
197.8
87.8
218.4
31.5
89.3
34.3
31.5
120.8
69.3
47.5
59.9
96.9
201
276.7
171.1
65.3
139.5
142.2
85.5
156.6
119.4
71
265.5
164.1
139.5
116.3
29.4
70
122.7
102.4
81.2
67.3
221.6
143.8
193.7
163.8
94.1
214.2
217.8
50.5
19.8
80.6
48.9
103.6
107.3
241.3
253.3
116
170.9
135.2
18.9
103.9
75.4
49.7
62.8
34.1
111.3
154.3
72.6
137.6
259.4
213.3
171.4
188.3
107.7
200.2
70.9
152.8
151.6
76.8
53.8
106.5
157.5
312.7
20.6
225.1
48.5
86.7
23
104.4
174.5
69.7
118.5
80.7
249.1
124.6
143.7
89.2
77.6
107.9
65.5
173.9
100.5
77
79.1
92.3
149
141
157.5
60.4
110.3
92.5
53.5
137
261.9
181.9
243.3
157.1
148.8
174.9
36
26
98.2
143.6
78.8
141.6
167.1
181.2
116.2
130.2
287
175.7
167.6
58.5
191.1
236.3
30.2
63.7
166
96
164.5
51.9
146.3
239.5
201.1
95.6
103.2
94.7
98.5
142.8
176.5
147.1
153.8
209.7
51.3
207.4
87.7
109.8
107.4
103
154.1
134.5
193.8
231.9
198.5
174.8
44.6
394.3
216.2
168.5
45.3
39.2
199.9
133.1
240.8
111
300.4
224
149.9
56.4
52.7
33.4
40.6
107.5
112.7
202.1
196.6
30
174.6
277.6
330.9
273.3
18.6
101.7
58.5
79.1
106.1
142.6
230.6
107.5
297.1
175.8
136.5
129.7
150.5
28.4
80
116.6
260.2
145.8
45.8
37.2
135.5
286.1
146.3
297.2
4.6
106.3
134.6
86.2
48
197.7
56.5
157.2
230.7
148.3
333.6
227.3
146.2
93.1
77.1
63.9
56.1
173.7
72.6
26.3
94
52.6
36.8
284.7
10.1
113.2
129.2
121.7
65.7
64.2
177.7
181.4
248
57.5
222.1
82.2
195.2
65.3
147.3
29.4
136.1
62.7
127.9
192.1
257.1
155.7
70.6
208
86
116.4
37.3
15.4
73.2
174.5
81.7
142
174
136
240.3
235.1
161.2
81.5
73.5
65.7
104.2
109.7
110
113.4
94.6
30.1
121.7
241.6
107.4
97.4
23.2
157.2
236.5
225.2
76.7
124.1
290.9
289.8
114
171.6
235.2
142.7
62.8
30.6
107.5
183.1
59.4
73.1
84.3
235.6
78.6
85.6
71.9
164.8
97.8
37.3
39.1
169.4
71
134.8
151.3
179.6
187.5
41.8
101.7
115.7
74.5
95.4
50.3
118.5
181.9
66.5
163.3
134
85.2
210.9
73.3
119.5
80.8
137.7
28.8
102
137.3
179
170
37.7
234.7
200.6
139.5
60.4
101.9
172.6
154.8
99
193.9
148.9
256.1
105.9
68.8
199.5
91.4
17
94.7
97.9
142.7
79.2
107.8
157
115.5
262.6
208.7
161.4
209.5
122.4
80.1
160.7
127.1
99.7
50.9
177
156.5
16.1
88.1
193.5
99.9
133.7
50.1
34.3
161.9
116.3
158.8
240.6
22.8
274.3
165.8
165.7
30.8
145.1
254
88.7
124.9
114.2
0.8
117.2
39.2
220.5
79.4
260
148.1
115
111.9
45
176
101.3
253.9
174.4
151.5
134.7
200.4
173.1
164.8
63.2
163.8
83.2
33.2
67.1
93.4
68.3
190.7
168.2
305
120.5
161.8
173.8
156.8
57.3
131.8
152.5
206.4
308.8
118.2
122.8
63.5
200.1
117
134.6
137
55.7
61.9
118.9
181.5
175.2
11.7
262
239.5
193.1
31.2
99.2
93.3
71.5
110.5
92.1
114
59.7
128.7
100.5
133.2
64.1
51.8
23.1
111.8
73.7
139.8
242.7
124.5
145.8
90.3
221.7
111.2
140.9
110.1
112.8
35.6
178.7
157.7
134.7
148.3
222.8
316.9
273.1
218.7
147.5
86.5
86.8
63.8
104.2
77.9
65.1
39.1
118.2
78.9
48.2
205.1
112.4
53.7
65.6
26.7
98.4
91.9
173.6
225.6
121.7
130.5
71.5
218.7
259.2
135.2
134.6
73.9
55.5
42.4
125.3
168.5
108.5
196.5
59.7
158.1
163.9
127.8
49.3
63.3
110.2
94.7
170
153.7
155.3
119.2
54.2
136.9
101.9
52.1
105.1
116.8
76.8
99.7
135.3
24.6
46.1
161.1
258.2
234
180.8
201.5
56.6
146.8
80.8
97.8
112
148.6
93.2
75.4
202.1
166.4
138.5
153.8
72.4
93.6
61.7
58.5
96.7
148.2
170.2
213.2
104.4
120.4
276.2
101.8
64.1
117.8
85.2
84.1
106.6
248.9
215.1
76.6
99.3
108.4
52.8
41
226.4
119.7
156.7
118.3
85.9
163.4
126.4
143.5
284.5
56.3
78.4
43.6
79.8
93.7
146.7
124.6
99.4
103.6
144.3
130.9
119.9
218.5
193.2
28
98.2
110.3
81.9
158.1
128.5
147.1
150.6
146.1
108.7
173.8
108.5
201.1
122
83.6
120.9
112.2
55.4
121.8
181.8
116.6
108.5
213.8
104.3
152
118.3
66.4
215.3
75.4
174.6
100.2
155.8
330.6
97.7
86.5
125.1
67.1
170
72.1
93.9
63.2
52.4
83.2
211.4
226.9
105.5
105.6
128.3
68.8
67.5
74
100.9
84.6
61.8
61.1
107.9
85.1
151.2
146.3
145.9
121.5
60.2
120.4
39.4
89.6
129.6
85.6
194.6
155.8
201.4
96.2
117.9
142.7
112.1
43.3
90.8
76.6
106.3
103.5
44.7
138.4
125.2
94.5
144.5
100.2
93.4
175.9
150.8
165.5
75.9
77.6
17.8
58.4
183.7
174.1
111.7
74.4
62.5
89.8
111.7
65.8
76.6
111
42
62.7
76.7
143.2
292
105.3
78.7
24.9
44.3
95.5
87.4
109.6
178.4
47.1
199.5
287.5
339.5
67.4
65.7
111.8
47.7
56.5
116.1
57.6
227.9
88.5
113.9
44.7
153.9
97.9
137.7
57
165.5
68
84.7
25
150.7
134.9
115.6
107.1
118.5
139.2
158.7
121.2
58.6
95.2
48.5
114.8
212.2
274.8
191.9
158.9
139.7
102.9
225.4
32.7
16.3
51.4
94.2
96.5
161.7
70.9
253.3
192.5
72.8
47.4
223.9
101.4
88.3
71.5
63.4
162.5
145.5
189.7
229.2
252.2
91
138.2
124.7
16.8
31.6
148
97.2
208.3
178.6
191.7
182.8
218
109.7
91.5
221.8
67.9
93.6
140.7
116.7
36.1
272.7
214.5
210.6
62
181.3
186.5
190.6
36.5
103.5
83.4
102.5
138.6
155.6
232.1
248.6
247.6
288.4
62.3
204.8
71.4
138.1
95.7
37.4
34.5
116.5
278.2
33.1
200.1
303.5
108.5
87.4
37.5
4.1
55.3
28.8
42.4
109.5
232.3
242.1
159.2
78.2
37.1
123
129.2
86
83.4
203.6
345.4
273.4
119
124.3
270.6
213.3
19.3
187.9
93.7
257.5
100.5
103.2
166.6
29.1
193.1
266.8
331
84.7
84.6
173
83.7
68.2
119.7
114.4
162.2
142.4
184.5
123
184.3
223.9
146.8
133.5
97.4
68.7
22.2
268.9
185.3
174.6
174.3
120.2
130.5
181.8
217.4
281.7
68.7
47.1
87.5
44.8
217.7
104.1
144.8
60.7
114.5
368.7
344.7
131.2
77
70.4
150.8
90.1
98.8
83.6
246.8
67.9
245.2
191.2
148.7
169.8
150.5
18.1
109
86.3
65.4
103
190.5
230.6
184
148.1
175.8
253.7
154.9
83.4
13.2
111.2
290.1
192.4
108.1
264.2
162.7
300.9
29.8
108.8
170.8
176.9
71.1
131.3
50.3
129.4
63.7
85.8
351
227.1
114.4
262.2
128.9
44
107.3
113.6
140.5
69
88.1
223.7
317.7
258.1
221.3
173.4
45.4
93
52.2
103.7
24.3
117.7
335.1
103.6
54.8
118.4
200.7
45.4
147.2
87.6
85.6
85.1
50.1
78.5
326
190.9
130
38.4
401.6
138.7
60.4
132.3
139.7
113.8
75.9
142.9
89.8
139.8
229.7
158
132.9
153.3
132.1
75.2
185.3
183.7
154.6
120
276.1
204.5
184.1
291.3
119.5
133.1
136.7
164.3
113.1
69.5
72.7
138.2
106.2
205.6
274.2
180.1
244.4
108.4
93.1
72.4
95.2
74.8
155.6
185.2
240.2
211.2
225.9
87.4
134.5
69.8
93.3
35
93.8
93.8
131.8
121.8
254.4
137.3
86.5
262.6
335.5
137.7
124.5
172
189.8
109.8
129.5
60.8
230.8
197.2
129.2
164
68.9
109.6
65.8
127.6
57
167.4
33.6
83.6
62.6
207.2
163.4
226.4
118.8
148
155.6
63.2
130.4
68.2
309
222.6
227
88.5
177
312
126.8
96.8
123
169.6
91.6
56.4
125
135.2
291.8
140.7
76.9
128.6
100.2
184
117.3
113.6
65.6
81
76.2
181.6
159.2
285
331.4
286.9
125.2
137
40
146.7
137.6
168.2
124.8
107.6
69.6
124.6
197.6
338
183.4
180.6
74.1
17.6
166.8
149.5
224.6
124
351.8
125
152.7
248
65.6
138
80.8
157.2
79.8
235.1
393
91.2
146.6
431.6
112
71.3
48.8
150.2
74.6
36.6
32.8
249
95.8
151.6
108.6
201.4
61.5
205.4
266.1
124.3
101.4
224
116
134.8
150.8
236
249.6
212.4
268.8
164
101.8
58.2
95.2
82.2
245.6
203
202.4
169.4
190.6
239.2
243.6
189.7
98.2
56.1
165.4
119.4
82.2
134.4
102
117.8
242.8
96.8
390.4
129.4
216
157.4
78.3
72.9
38.3
81.7
90.1
88.3
45.1
163.9
197.8
87.8
218.4
31.5
89.3
34.3
31.5
120.8
69.3
47.5
59.9
96.9
201
276.7
171.1
65.3
139.5
142.2
85.5
156.6
119.4
71
265.5
164.1
139.5
116.3
29.4
70
122.7
102.4
81.2
67.3
221.6
143.8
193.7
163.8
94.1
214.2
217.8
50.5
19.8
80.6
48.9
103.6
107.3
241.3
253.3
116
170.9
135.2
18.9
103.9
75.4
49.7
62.8
34.1
111.3
154.3
72.6
137.6
259.4
213.3
171.4
188.3
107.7
200.2
70.9
152.8
151.6
76.8
53.8
106.5
157.5
312.7
20.6
225.1
48.5
86.7
23
104.4
174.5
69.7
118.5
80.7
249.1
124.6
143.7
89.2
77.6
107.9
65.5
173.9
100.5
77
79.1
92.3
149
141
157.5
60.4
110.3
92.5
53.5
137
261.9
181.9
243.3
157.1
148.8
174.9
36
26
98.2
143.6
78.8
141.6
167.1
181.2
116.2
130.2
287
175.7
167.6
58.5
191.1
236.3
30.2
63.7
166
96
164.5
51.9
146.3
239.5
201.1
95.6
103.2
94.7
98.5
142.8
176.5
147.1
153.8
209.7
51.3
207.4
87.7
109.8
107.4
103
154.1
134.5
193.8
231.9
198.5
174.8
44.6
394.3
216.2
168.5
45.3
39.2
199.9
133.1
240.8
111
300.4
224
149.9
56.4
52.7
33.4
40.6
107.5
112.7
202.1
196.6
30
174.6
277.6
330.9
273.3
18.6
101.7
58.5
79.1
106.1
142.6
230.6
107.5
297.1
175.8
136.5
129.7
150.5
28.4
80
116.6
260.2
145.8
45.8
37.2
135.5
286.1
146.3
297.2
4.6
106.3
134.6
86.2
48
197.7
56.5
157.2
230.7
148.3
333.6
227.3
146.2
93.1
77.1
63.9
56.1
173.7
72.6
26.3
94
52.6
36.8
284.7
10.1
113.2
129.2
121.7
65.7
64.2
177.7
181.4
248
57.5
222.1
82.2
195.2
65.3
147.3
29.4
136.1
62.7
127.9
192.1
257.1
155.7
70.6
208
86
116.4
37.3
15.4
73.2
174.5
81.7
142
174
136
240.3
235.1
161.2
81.5
73.5
65.7
104.2
109.7
110
113.4
94.6
30.1
121.7
241.6
107.4
97.4
23.2
157.2
236.5
225.2
76.7
124.1
290.9
289.8
114
171.6
235.2
142.7
62.8
30.6
107.5
183.1
59.4
73.1
84.3
235.6
78.6
85.6
71.9
164.8
97.8
37.3
39.1
169.4
71
134.8
151.3
179.6
187.5
41.8
101.7
115.7
74.5
95.4
50.3
118.5
181.9
66.5
163.3
134
85.2
210.9
73.3
119.5
80.8
137.7
28.8
102
137.3
179
170
37.7
234.7
200.6
139.5
60.4
101.9
172.6
154.8
99
193.9
148.9
256.1
105.9
68.8
199.5
91.4
17
94.7
97.9
142.7
79.2
107.8
157
115.5
262.6
208.7
161.4
209.5
122.4
80.1
160.7
127.1
99.7
50.9
177
156.5
16.1
88.1
193.5
99.9
133.7
50.1
34.3
161.9
116.3
158.8
240.6
22.8
274.3
165.8
165.7
30.8
145.1
254
88.7
124.9
114.2
0.8
117.2
39.2
220.5
79.4
260
148.1
115
111.9
45
176
101.3
253.9
174.4
151.5
134.7
200.4
173.1
164.8
63.2
163.8
83.2
33.2
67.1
93.4
68.3
190.7
168.2
305
120.5
161.8
173.8
156.8
57.3
131.8
152.5
206.4
308.8
118.2
122.8
63.5
200.1
117
134.6
137
55.7
61.9
118.9
181.5
175.2
11.7
262
239.5
193.1
31.2
99.2
93.3
71.5
110.5
92.1
114
59.7
128.7
100.5
133.2
64.1
51.8
23.1
111.8
73.7
139.8
242.7
124.5
145.8
90.3
221.7
111.2
140.9
110.1
112.8
35.6
178.7
157.7
134.7
148.3
222.8
316.9
273.1
218.7
147.5
86.5
86.8
63.8
104.2
77.9
65.1
39.1
118.2
78.9
48.2
205.1
112.4
53.7
65.6
26.7
98.4
91.9
173.6
225.6
121.7
130.5
71.5
218.7
259.2
135.2
134.6
73.9
55.5
42.4
125.3
168.5
108.5
196.5
59.7
158.1
163.9
127.8
49.3
63.3
110.2
94.7
170
153.7
155.3
119.2
54.2
136.9
101.9
52.1
105.1
116.8
76.8
99.7
135.3
24.6
46.1
161.1
258.2
234
180.8
201.5
56.6
146.8
80.8
97.8
112
148.6
93.2
75.4
202.1
166.4
138.5
153.8
72.4
93.6
61.7
58.5
96.7
148.2
170.2
213.2
104.4
120.4
276.2
101.8
64.1
117.8
85.2
84.1
106.6
248.9
215.1
76.6
99.3
108.4
52.8
41
226.4
119.7
156.7
118.3
85.9
163.4
126.4
143.5
284.5
56.3
78.4
43.6
79.8
93.7
146.7
124.6
99.4
103.6
144.3
130.9
119.9
218.5
193.2
28
98.2
110.3
81.9
158.1
128.5
147.1
150.6
146.1
108.7
173.8
108.5
201.1
122
83.6
120.9
112.2
55.4
121.8
181.8
116.6
108.5
213.8
104.3
152
118.3
66.4
215.3
75.4
174.6
100.2
155.8
330.6
97.7
86.5
125.1
67.1
170
72.1
93.9
63.2
52.4
83.2
211.4
226.9
105.5
105.6
128.3
68.8
67.5
74
100.9
84.6
61.8
61.1
107.9
85.1
151.2
146.3
145.9
121.5
60.2
120.4
39.4
89.6
129.6
85.6
194.6
155.8
201.4
96.2
117.9
142.7
112.1
43.3
90.8
76.6
106.3
103.5
44.7
138.4
125.2
94.5
144.5
100.2
93.4
175.9
150.8
165.5
75.9
77.6
17.8
58.4
183.7
174.1
111.7
74.4
62.5
89.8
111.7
65.8
76.6
111
42
62.7
76.7
143.2
292
105.3
78.7
24.9
44.3
95.5
87.4
109.6
178.4
47.1
199.5
287.5
339.5
67.4
65.7
111.8
47.7
56.5
116.1
57.6
227.9
88.5
113.9
44.7
153.9
97.9
137.7
57
165.5
68
84.7
25
150.7
134.9
115.6
107.1
118.5
139.2
158.7
121.2
58.6
95.2
48.5
114.8
212.2
274.8
191.9
158.9
139.7
102.9
225.4
32.7
16.3
51.4
94.2
96.5
161.7
70.9
253.3
192.5
72.8
47.4
223.9
101.4
88.3
71.5
63.4
162.5
145.5
189.7
229.2
252.2
91
138.2
124.7
16.8
31.6
148
97.2
208.3
178.6
191.7
182.8
218
109.7
91.5
221.8
67.9
93.6
140.7
116.7
36.1
272.7
214.5
210.6
62
181.3
186.5
190.6
36.5
103.5
83.4
102.5
138.6
155.6
232.1
248.6
247.6
288.4
62.3
204.8
71.4
138.1
95.7
37.4
34.5
116.5
278.2
33.1
200.1
303.5
108.5
87.4
37.5
4.1
55.3
28.8
42.4
109.5
232.3
242.1
159.2
78.2
37.1
123
129.2
86
83.4
203.6
345.4
273.4
119
124.3
270.6
213.3
19.3
187.9
93.7
257.5
100.5
103.2
166.6
29.1
193.1
266.8
331
84.7
84.6
173
83.7
68.2
119.7
114.4
162.2
142.4
184.5
123
184.3
223.9
146.8
133.5
97.4
68.7
22.2
268.9
185.3
174.6
174.3
120.2
130.5
181.8
217.4
281.7
68.7
47.1
87.5
44.8
217.7
104.1
144.8
60.7
114.5
368.7
344.7
131.2
77
70.4
150.8
90.1
98.8
83.6
246.8
67.9
245.2
191.2
148.7
169.8
150.5
18.1
109
86.3
65.4
103
190.5
230.6
184
148.1
175.8
253.7
154.9
83.4
13.2
111.2
290.1
192.4
108.1
264.2
162.7
300.9
29.8
108.8
170.8
176.9
71.1
131.3
50.3
129.4
63.7
85.8
351
227.1
114.4
262.2
128.9
44
107.3
113.6
140.5
69
88.1
223.7
317.7
258.1
221.3
173.4
45.4
93
52.2
103.7
24.3
117.7
335.1
103.6
54.8
118.4
200.7
45.4
147.2
87.6
85.6
85.1
50.1
78.5
326
190.9
130
38.4
401.6
138.7
60.4
132.3
139.7
113.8
75.9
142.9
89.8
139.8
229.7
158
132.9
153.3
132.1
75.2
185.3
183.7
154.6
120
276.1
204.5
184.1
291.3
119.5
133.1
136.7
164.3
113.1
69.5
72.7
138.2
106.2
205.6
274.2
180.1
244.4
108.4
93.1
72.4
95.2
74.8
155.6
185.2
240.2
211.2
225.9
87.4
134.5
69.8
93.3
35
93.8
93.8
131.8
121.8
254.4
137.3
86.5
262.6
335.5
137.7
124.5
172
189.8
109.8
129.5
60.8
230.8
197.2
129.2
164
68.9
109.6
65.8
127.6
57
167.4
33.6
83.6
62.6
207.2
163.4
226.4
118.8
148
155.6
63.2
130.4
68.2
309
222.6
227
88.5
177
312
126.8
96.8
123
169.6
91.6
56.4
125
135.2
291.8
140.7
76.9
128.6
100.2
184
117.3
113.6
65.6
81
76.2
181.6
159.2
285
331.4
286.9
125.2
137
40
146.7
137.6
168.2
124.8
107.6
69.6
124.6
197.6
338
183.4
180.6
74.1
17.6
166.8
149.5
224.6
124
351.8
125
152.7
248
65.6
138
80.8
157.2
79.8
235.1
393
91.2
146.6
431.6
112
71.3
48.8
150.2
74.6
36.6
32.8
249
95.8
151.6
108.6
201.4
61.5
205.4
266.1
124.3
101.4
224
116
134.8
150.8
236
249.6
212.4
268.8
164
101.8
58.2
95.2
82.2
245.6
203
202.4
169.4
190.6
239.2
243.6
189.7
98.2
56.1
165.4
119.4
82.2
134.4
102
117.8
242.8
96.8
390.4
129.4
216
157.4
78.3
72.9
38.3
81.7
90.1
88.3
45.1
163.9
197.8
87.8
218.4
31.5
89.3
34.3
31.5
120.8
69.3
47.5
59.9
96.9
201
276.7
171.1
65.3
139.5
142.2
85.5
156.6
119.4
71
265.5
164.1
139.5
116.3
29.4
70
122.7
102.4
81.2
67.3
221.6
143.8
193.7
163.8
94.1
214.2
217.8
50.5
19.8
80.6
48.9
103.6
107.3
241.3
253.3
116
170.9
135.2
18.9
103.9
75.4
49.7
62.8
34.1
111.3
154.3
72.6
137.6
259.4
213.3
171.4
188.3
107.7
200.2
70.9
152.8
151.6
76.8
53.8
106.5
157.5
312.7
20.6
225.1
48.5
86.7
23
104.4
174.5
69.7
118.5
80.7
249.1
124.6
143.7
89.2
77.6
107.9
65.5
173.9
100.5
77
79.1
92.3
149
141
157.5
60.4
110.3
92.5
53.5
137
261.9
181.9
243.3
157.1
148.8
174.9
36
26
98.2
143.6
78.8
141.6
167.1
181.2
116.2
130.2
287
175.7
167.6
58.5
191.1
236.3
30.2
63.7
166
96
164.5
51.9
146.3
239.5
201.1
95.6
103.2
94.7
98.5
142.8
176.5
147.1
153.8
209.7
51.3
207.4
87.7
109.8
107.4
103
154.1
134.5
193.8
231.9
198.5
174.8
44.6
394.3
216.2
168.5
45.3
39.2
199.9
133.1
240.8
111
300.4
224
149.9
56.4
52.7
33.4
40.6
107.5
112.7
202.1
196.6
30
174.6
277.6
330.9
273.3
18.6
101.7
58.5
79.1
106.1
142.6
230.6
107.5
297.1
175.8
136.5
129.7
150.5
28.4
80
116.6
260.2
145.8
45.8
37.2
135.5
286.1
146.3
297.2
4.6
106.3
134.6
86.2
48
197.7
56.5
157.2
230.7
148.3
333.6
227.3
146.2
93.1
77.1
63.9
56.1
173.7
72.6
26.3
94
52.6
36.8
284.7
10.1
113.2
129.2
121.7
65.7
64.2
177.7
181.4
248
57.5
222.1
82.2
195.2
65.3
147.3
29.4
136.1
62.7
127.9
192.1
257.1
155.7
70.6
208
86
116.4
37.3
15.4
73.2
174.5
81.7
142
174
136
240.3
235.1
161.2
81.5
73.5
65.7
104.2
109.7
110
113.4
94.6
30.1
121.7
241.6
107.4
97.4
23.2
157.2
236.5
225.2
76.7
124.1
290.9
289.8
114
171.6
235.2
142.7
62.8
30.6
107.5
183.1
59.4
73.1
84.3
235.6
78.6
85.6
71.9
164.8
97.8
37.3
39.1
169.4
71
134.8
151.3
179.6
187.5
41.8
101.7
115.7
74.5
95.4
50.3
118.5
181.9
66.5
163.3
134
85.2
210.9
73.3
119.5
80.8
137.7
28.8
102
137.3
179
170
37.7
234.7
200.6
139.5
60.4
101.9
172.6
154.8
99
193.9
148.9
256.1
105.9
68.8
199.5
91.4
17
94.7
97.9
142.7
79.2
107.8
157
115.5
262.6
208.7
161.4
209.5
122.4
80.1
160.7
127.1
99.7
50.9
177
156.5
16.1
88.1
193.5
99.9
133.7
50.1
34.3
161.9
116.3
158.8
240.6
22.8
274.3
165.8
165.7
30.8
145.1
254
88.7
124.9
114.2
0.8
117.2
39.2
220.5
79.4
260
148.1
115
111.9
45
176
101.3
253.9
174.4
151.5
134.7
200.4
173.1
164.8
63.2
163.8
83.2
33.2
67.1
93.4
68.3
190.7
168.2
305
120.5
161.8
173.8
156.8
57.3
131.8
152.5
206.4
308.8
118.2
122.8
63.5
200.1
117
134.6
137
55.7
61.9
118.9
181.5
175.2
11.7
262
239.5
193.1
31.2
99.2
93.3
71.5
110.5
92.1
114
59.7
128.7
100.5
133.2
64.1
51.8
23.1
111.8
73.7
139.8
242.7
124.5
145.8
90.3
221.7
111.2
140.9
110.1
112.8
35.6
178.7
157.7
134.7
148.3
222.8
316.9
273.1
218.7
147.5
86.5
86.8
63.8
104.2
77.9
65.1
39.1
118.2
78.9
48.2
205.1
112.4
53.7
65.6
26.7
98.4
91.9
173.6
225.6
121.7
130.5
71.5
218.7
259.2
135.2
134.6
73.9
55.5
42.4
125.3
168.5
108.5
196.5
59.7
158.1
163.9
127.8
49.3
63.3
110.2
94.7
170
153.7
155.3
119.2
54.2
136.9
101.9
52.1
105.1
116.8
76.8
99.7
135.3
24.6
46.1
161.1
258.2
234
180.8
201.5
56.6
146.8
80.8
97.8
112
148.6
93.2
75.4
202.1
166.4
138.5
153.8
72.4
93.6
61.7
58.5
96.7
148.2
170.2
213.2
104.4
120.4
276.2
101.8
64.1
117.8
85.2
84.1
106.6
248.9
215.1
76.6
99.3
108.4
52.8
41
226.4
119.7
156.7
118.3
85.9
163.4
126.4
143.5
284.5
56.3
78.4
43.6
79.8
93.7
146.7
124.6
99.4
103.6
144.3
130.9
119.9
218.5
193.2
28
98.2
110.3
81.9
158.1
128.5
147.1
150.6
146.1
108.7
173.8
108.5
201.1
122
83.6
120.9
112.2
55.4
121.8
181.8
116.6
108.5
213.8
104.3
152
118.3
66.4
215.3
75.4
174.6
100.2
155.8
330.6
97.7
86.5
125.1
67.1
170
72.1
93.9
63.2
52.4
83.2
211.4
226.9
105.5
105.6
128.3
68.8
67.5
74
100.9
84.6
61.8
61.1
107.9
85.1
151.2
146.3
145.9
121.5
60.2
120.4
39.4
89.6
129.6
85.6
194.6
155.8
201.4
96.2
117.9
142.7
112.1
43.3
90.8
76.6
106.3
103.5
44.7
138.4
125.2
94.5
144.5
100.2
93.4
175.9
150.8
165.5
75.9
77.6
17.8
58.4
183.7
174.1
111.7
74.4
62.5
89.8
111.7
65.8
76.6
111
42
62.7
76.7
143.2
292
105.3
78.7
24.9
44.3
95.5
87.4
109.6
178.4
47.1
199.5
287.5
339.5
67.4
65.7
111.8
47.7
56.5
116.1
57.6
227.9
88.5
113.9
44.7
153.9
97.9
137.7
57
165.5
68
84.7
25
150.7
134.9
115.6
107.1
118.5
139.2
158.7
121.2
58.6
95.2
48.5
114.8
212.2
274.8
191.9
158.9
139.7
102.9
225.4
32.7
16.3
51.4
94.2
96.5
161.7
70.9
253.3
192.5
72.8
47.4
223.9
101.4
88.3
71.5
63.4
162.5
145.5
189.7
229.2
252.2
91
138.2
124.7
16.8
31.6
148
97.2
208.3
178.6
191.7
182.8
218
109.7
91.5
221.8
67.9
93.6
140.7
116.7
36.1
272.7
214.5
210.6
62
181.3
186.5
190.6
36.5
103.5
83.4
102.5
138.6
155.6
232.1
248.6
247.6
288.4
62.3
204.8
71.4
138.1
95.7
37.4
34.5
116.5
278.2
33.1
200.1
303.5
108.5
87.4
37.5
4.1
55.3
28.8
42.4
109.5
232.3
242.1
159.2
78.2
37.1
123
129.2
86
83.4
203.6
345.4
273.4
119
124.3
270.6
213.3
19.3
187.9
93.7
257.5
100.5
103.2
166.6
29.1
193.1
266.8
331
84.7
84.6
173
83.7
68.2
119.7
114.4
162.2
142.4
184.5
123
184.3
223.9
146.8
133.5
97.4
68.7
22.2
268.9
185.3
174.6
174.3
120.2
130.5
181.8
217.4
281.7
68.7
47.1
87.5
44.8
217.7
104.1
144.8
60.7
114.5
368.7
344.7
131.2
77
70.4
150.8
90.1
98.8
83.6
246.8
67.9
245.2
191.2
148.7
169.8
150.5
18.1
109
86.3
65.4
103
190.5
230.6
184
148.1
175.8
253.7
154.9
83.4
13.2
111.2
290.1
192.4
108.1
264.2
162.7
300.9
29.8
108.8
170.8
176.9
71.1
131.3
50.3
129.4
63.7
85.8
351
227.1
114.4
262.2
128.9
44
107.3
113.6
140.5
69
88.1
223.7
317.7
258.1
221.3
173.4
45.4
93
52.2
103.7
24.3
117.7
335.1
103.6
54.8
118.4
200.7
45.4
147.2
87.6
85.6
85.1
50.1
78.5
326
190.9
130
38.4
401.6
138.7
60.4
132.3
139.7
113.8
75.9
142.9
89.8
139.8
229.7
158
132.9
153.3
132.1
75.2
185.3
183.7
154.6
120
276.1
204.5
184.1
291.3
119.5
133.1
136.7
164.3
113.1
69.5
72.7
138.2
106.2
205.6
274.2
180.1
244.4
108.4
93.1
72.4
95.2
74.8
155.6
185.2
240.2
211.2
225.9
87.4
134.5
69.8
93.3
35
93.8
93.8
131.8
121.8
254.4
137.3
86.5
262.6
335.5
137.7
124.5
172
189.8
109.8
129.5
60.8
230.8
197.2
129.2
164
68.9
109.6
65.8
127.6
57
167.4
33.6
83.6
62.6
207.2
163.4
226.4
118.8
148
155.6
63.2
130.4
68.2
309
222.6
227
88.5
177
312
126.8
96.8
123
169.6
91.6
56.4
125
135.2
291.8
140.7
76.9
128.6
100.2
184
117.3
113.6
65.6
81
76.2
181.6
159.2
285
331.4
286.9
125.2
137
40
146.7
137.6
168.2
124.8
107.6
69.6
124.6
197.6
338
183.4
180.6
74.1
17.6
166.8
149.5
224.6
124
351.8
125
152.7
248
65.6
138
80.8
157.2
79.8
235.1
393
91.2
146.6
431.6
112
71.3
48.8
150.2
74.6
36.6
32.8
249
95.8
151.6
108.6
201.4
61.5
205.4
266.1
124.3
101.4
224
116
134.8
150.8
236
249.6
212.4
268.8
164
101.8
58.2
95.2
82.2
245.6
203
202.4
169.4
190.6
239.2
243.6
189.7
98.2
56.1
165.4
119.4
82.2
134.4
102
117.8
242.8
96.8
390.4
129.4
216
157.4
78.3
72.9
38.3
81.7
90.1
88.3
45.1
163.9
197.8
87.8
218.4
31.5
89.3
34.3
31.5
120.8
69.3
47.5
59.9
96.9
201
276.7
171.1
65.3
139.5
142.2
85.5
156.6
119.4
71
265.5
164.1
139.5
116.3
29.4
70
122.7
102.4
81.2
67.3
221.6
143.8
193.7
163.8
94.1
214.2
217.8
50.5
19.8
80.6
48.9
103.6
107.3
241.3
253.3
116
170.9
135.2
18.9
103.9
75.4
49.7
62.8
34.1
111.3
154.3
72.6
137.6
259.4
213.3
171.4
188.3
107.7
200.2
70.9
152.8
151.6
76.8
53.8
106.5
157.5
312.7
20.6
225.1
48.5
86.7
23
104.4
174.5
69.7
118.5
80.7
249.1
124.6
143.7
89.2
77.6
107.9
65.5
173.9
100.5
77
79.1
92.3
149
141
157.5
60.4
110.3
92.5
53.5
137
261.9
181.9
243.3
157.1
148.8
174.9
36
26
98.2
143.6
78.8
141.6
167.1
181.2
116.2
130.2
287
175.7
167.6
58.5
191.1
236.3
30.2
63.7
166
96
164.5
51.9
146.3
239.5
201.1
95.6
103.2
94.7
98.5
142.8
176.5
147.1
153.8
209.7
51.3
207.4
87.7
109.8
107.4
103
154.1
134.5
193.8
231.9
198.5
174.8
44.6
394.3
216.2
168.5
45.3
39.2
199.9
133.1
240.8
111
300.4
224
149.9
56.4
52.7
33.4
40.6
107.5
112.7
202.1
196.6
30
174.6
277.6
330.9
273.3
18.6
101.7
58.5
79.1
106.1
142.6
230.6
107.5
297.1
175.8
136.5
129.7
150.5
28.4
80
116.6
260.2
145.8
45.8
37.2
135.5
286.1
146.3
297.2
4.6
106.3
134.6
86.2
48
197.7
56.5
157.2
230.7
148.3
333.6
227.3
146.2
93.1
77.1
63.9
56.1
173.7
72.6
26.3
94
52.6
36.8
284.7
10.1
113.2
129.2
121.7
65.7
64.2
177.7
181.4
248
57.5
222.1
82.2
195.2
65.3
147.3
29.4
136.1
62.7
127.9
192.1
257.1
155.7
70.6
208
86
116.4
37.3
15.4
73.2
174.5
81.7
142
174
136
240.3
235.1
161.2
81.5
73.5
65.7
104.2
109.7
110
113.4
94.6
30.1
121.7
241.6
107.4
97.4
23.2
157.2
236.5
225.2
76.7
124.1
290.9
289.8
114
171.6
235.2
142.7
62.8
30.6
107.5
183.1
59.4
73.1
84.3
235.6
78.6
85.6
71.9
164.8
97.8
37.3
39.1
169.4
71
134.8
151.3
179.6
187.5
41.8
101.7
115.7
74.5
95.4
50.3
118.5
181.9
66.5
163.3
134
85.2
210.9
73.3
119.5
80.8
137.7
28.8
102
137.3
179
170
37.7
234.7
200.6
139.5
60.4
101.9
172.6
154.8
99
193.9
148.9
256.1
105.9
68.8
199.5
91.4
17
94.7
97.9
142.7
79.2
107.8
157
115.5
262.6
208.7
161.4
209.5
122.4
80.1
160.7
127.1
99.7
50.9
177
156.5
16.1
88.1
193.5
99.9
133.7
50.1
34.3
161.9
116.3
158.8
240.6
22.8
274.3
165.8
165.7
30.8
145.1
254
88.7
124.9
114.2
0.8
117.2
39.2
220.5
79.4
260
148.1
115
111.9
45
176
101.3
253.9
174.4
151.5
134.7
200.4
173.1
164.8
63.2
163.8
83.2
33.2
67.1
93.4
68.3
190.7
168.2
305
120.5
161.8
173.8
156.8
57.3
131.8
152.5
206.4
308.8
118.2
122.8
63.5
200.1
117
134.6
137
55.7
61.9
118.9
181.5
175.2
11.7
262
239.5
193.1
31.2
99.2
93.3
71.5
110.5
92.1
114
59.7
128.7
100.5
133.2
64.1
51.8
23.1
111.8
73.7
139.8
242.7
124.5
145.8
90.3
221.7
111.2
140.9
110.1
112.8
35.6
178.7
157.7
134.7
148.3
222.8
316.9
273.1
218.7
147.5
86.5
86.8
63.8
104.2
77.9
65.1
39.1
118.2
78.9
48.2
205.1
112.4
53.7
65.6
26.7
98.4
91.9
173.6
225.6
121.7
130.5
71.5
218.7
259.2
135.2
134.6
73.9
55.5
42.4
125.3
168.5
108.5
196.5
59.7
158.1
163.9
127.8
49.3
63.3
110.2
94.7
170
153.7
155.3
119.2
54.2
136.9
101.9
52.1
105.1
116.8
76.8
99.7
135.3
24.6
46.1
161.1
258.2
234
180.8
201.5
56.6
146.8
80.8
97.8
112
148.6
93.2
75.4
202.1
166.4
138.5
153.8
72.4
93.6
61.7
58.5
96.7
148.2
170.2
213.2
104.4
120.4
276.2
101.8
64.1
117.8
85.2
84.1
106.6
248.9
215.1
76.6
99.3
108.4
52.8
41
226.4
119.7
156.7
118.3
85.9
163.4
126.4
143.5
284.5
56.3
78.4
43.6
79.8
93.7
146.7
124.6
99.4
103.6
144.3
130.9
119.9
218.5
193.2
28
98.2
110.3
81.9
158.1
128.5
147.1
150.6
146.1
108.7
173.8
108.5
201.1
122
83.6
120.9
112.2
55.4
121.8
181.8
116.6
108.5
213.8
104.3
152
118.3
66.4
215.3
75.4
174.6
100.2
155.8
330.6
97.7
86.5
125.1
67.1
170
72.1
93.9
63.2
52.4
83.2
211.4
226.9
105.5
105.6
128.3
68.8
67.5
74
100.9
84.6
61.8
61.1
107.9
85.1
151.2
146.3
145.9
121.5
60.2
120.4
39.4
89.6
129.6
85.6
194.6
155.8
201.4
96.2
117.9
142.7
112.1
43.3
90.8
76.6
106.3
103.5
44.7
138.4
125.2
94.5
144.5
100.2
93.4
175.9
150.8
165.5
75.9
77.6
17.8
58.4
183.7
174.1
111.7
74.4
62.5
89.8
111.7
65.8
76.6
111
42
62.7
76.7
143.2
292
105.3
78.7
24.9
44.3
95.5
87.4
109.6
178.4
47.1
199.5
287.5
339.5
67.4
65.7
111.8
47.7
56.5
116.1
57.6
227.9
88.5
113.9
44.7
153.9
97.9
137.7
57
165.5
68
84.7
25
150.7
134.9
115.6
107.1
118.5
139.2
158.7
121.2
58.6
95.2
48.5
114.8
212.2
274.8
191.9
158.9
139.7
102.9
225.4
32.7
16.3
51.4
94.2
96.5
161.7
70.9
253.3
192.5
72.8
47.4
223.9
101.4
88.3
71.5
63.4
162.5
145.5
189.7
229.2
252.2
91
138.2
124.7
16.8
31.6
148
97.2
208.3
178.6
191.7
182.8
218
109.7
91.5
221.8
67.9
93.6
140.7
116.7
36.1
272.7
214.5
210.6
62
181.3
186.5
190.6
36.5
103.5
83.4
102.5
138.6
155.6
232.1
248.6
247.6
288.4
62.3
204.8
71.4
138.1
95.7
37.4
34.5
116.5
278.2
33.1
200.1
303.5
108.5
87.4
37.5
4.1
55.3
28.8
42.4
109.5
232.3
242.1
159.2
78.2
37.1
123
129.2
86
83.4
203.6
345.4
273.4
119
124.3
270.6
213.3
19.3
187.9
93.7
257.5
100.5
103.2
166.6
29.1
193.1
266.8
331
84.7
84.6
173
83.7
68.2
119.7
114.4
162.2
142.4
184.5
123
184.3
223.9
146.8
133.5
97.4
68.7
22.2
268.9
185.3
174.6
174.3
120.2
130.5
181.8
217.4
281.7
68.7
47.1
87.5
44.8
217.7
104.1
144.8
60.7
114.5
368.7
344.7
131.2
77
70.4
150.8
90.1
98.8
83.6
246.8
67.9
245.2
191.2
148.7
169.8
150.5
18.1
109
86.3
65.4
103
190.5
230.6
184
148.1
175.8
253.7
154.9
83.4
13.2
111.2
290.1
192.4
108.1
264.2
162.7
300.9
29.8
108.8
170.8
176.9
71.1
131.3
50.3
129.4
63.7
85.8
351
227.1
114.4
262.2
128.9
44
107.3
113.6
140.5
69
88.1
223.7
317.7
258.1
221.3
173.4
45.4
93
52.2
103.7
24.3
117.7
335.1
103.6
54.8
118.4
200.7
45.4
147.2
87.6
85.6
85.1
50.1
78.5
326
190.9
130
38.4
401.6
138.7
60.4
132.3
139.7
113.8
75.9
142.9
89.8
139.8
229.7
158
132.9
153.3
132.1
75.2
185.3
183.7
154.6
120
276.1
204.5
184.1
291.3
119.5
133.1
136.7
164.3
113.1
69.5
72.7
138.2
106.2
205.6
274.2
180.1
244.4
108.4
93.1
72.4
95.2
74.8
155.6
185.2
240.2
211.2
225.9
87.4
134.5
69.8
93.3
35
93.8
93.8
131.8
121.8
254.4
137.3
86.5
262.6
335.5
137.7
124.5
172
189.8
109.8
129.5
60.8
230.8
197.2
129.2
164
68.9
109.6
65.8
127.6
57
167.4
33.6
83.6
62.6
207.2
163.4
226.4
118.8
148
155.6
63.2
130.4
68.2
309
222.6
227
88.5
177
312
126.8
96.8
123
169.6
91.6
56.4
125
135.2
291.8
140.7
76.9
128.6
100.2
184
117.3
113.6
65.6
81
76.2
181.6
159.2
285
331.4
286.9
125.2
137
40
146.7
137.6
168.2
124.8
107.6
69.6
124.6
197.6
338
183.4
180.6
74.1
17.6
166.8
149.5
224.6
124
351.8
125
152.7
248
65.6
138
80.8
157.2
79.8
235.1
393
91.2
146.6
431.6
112
71.3
48.8
150.2
74.6
36.6
32.8
249
95.8
151.6
108.6
201.4
61.5
205.4
266.1
124.3
101.4
224
116
134.8
150.8
236
249.6
212.4
268.8
164
101.8
58.2
95.2
82.2
245.6
203
202.4
169.4
190.6
239.2
243.6
189.7
98.2
56.1
165.4
119.4
82.2
134.4
102
117.8
242.8
96.8
390.4
129.4
216
157.4
78.3
72.9
38.3
81.7
90.1
88.3
45.1
163.9
197.8
87.8
218.4
31.5
89.3
34.3
31.5
120.8
69.3
47.5
59.9
96.9
201
276.7
171.1
65.3
139.5
142.2
85.5
156.6
119.4
71
265.5
164.1
139.5
116.3
29.4
70
122.7
102.4
81.2
67.3
221.6
143.8
193.7
163.8
94.1
214.2
217.8
50.5
19.8
80.6
48.9
103.6
107.3
241.3
253.3
116
170.9
135.2
18.9
103.9
75.4
49.7
62.8
34.1
111.3
154.3
72.6
137.6
259.4
213.3
171.4
188.3
107.7
200.2
70.9
152.8
151.6
76.8
53.8
106.5
157.5
312.7
20.6
225.1
48.5
86.7
23
104.4
174.5
69.7
118.5
80.7
249.1
124.6
143.7
89.2
77.6
107.9
65.5
173.9
100.5
77
79.1
92.3
149
141
157.5
60.4
110.3
92.5
53.5
137
261.9
181.9
243.3
157.1
148.8
174.9
36
26
98.2
143.6
78.8
141.6
167.1
181.2
116.2
130.2
287
175.7
167.6
58.5
191.1
236.3
30.2
63.7
166
96
164.5
51.9
146.3
239.5
201.1
95.6
103.2
94.7
98.5
142.8
176.5
147.1
153.8
209.7
51.3
207.4
87.7
109.8
107.4
103
154.1
134.5
193.8
231.9
198.5
174.8
44.6
394.3
216.2
168.5
45.3
39.2
199.9
133.1
240.8
111
300.4
224
149.9
56.4
52.7
33.4
40.6
107.5
112.7
202.1
196.6
30
174.6
277.6
330.9
273.3
18.6
101.7
58.5
79.1
106.1
142.6
230.6
107.5
297.1
175.8
136.5
129.7
150.5
28.4
80
116.6
260.2
145.8
45.8
37.2
135.5
286.1
146.3
297.2
4.6
106.3
134.6
86.2
48
197.7
56.5
157.2
230.7
148.3
333.6
227.3
146.2
93.1
77.1
63.9
56.1
173.7
72.6
26.3
94
52.6
36.8
284.7
10.1
113.2
129.2
121.7
65.7
64.2
177.7
181.4
248
57.5
222.1
82.2
195.2
65.3
147.3
29.4
136.1
62.7
127.9
192.1
257.1
155.7
70.6
208
86
116.4
37.3
15.4
73.2
174.5
81.7
142
174
136
240.3
235.1
161.2
81.5
73.5
65.7
104.2
109.7
110
113.4
94.6
30.1
121.7
241.6
107.4
97.4
23.2
157.2
236.5
225.2
76.7
124.1
290.9
289.8
114
171.6
235.2
142.7
62.8
30.6
107.5
183.1
59.4
73.1
84.3
235.6
78.6
85.6
71.9
164.8
97.8
37.3
39.1
169.4
71
134.8
151.3
179.6
187.5
41.8
101.7
115.7
74.5
95.4
50.3
118.5
181.9
66.5
163.3
134
85.2
210.9
73.3
119.5
80.8
137.7
28.8
102
137.3
179
170
37.7
234.7
200.6
139.5
60.4
101.9
172.6
154.8
99
193.9
148.9
256.1
105.9
68.8
199.5
91.4
17
94.7
97.9
142.7
79.2
107.8
157
115.5
262.6
208.7
161.4
209.5
122.4
80.1
160.7
127.1
99.7
50.9
177
156.5
16.1
88.1
193.5
99.9
133.7
50.1
34.3
161.9
116.3
158.8
240.6
22.8
274.3
165.8
165.7
30.8
145.1
254
88.7
124.9
114.2
0.8
117.2
39.2
220.5
79.4
260
148.1
115
111.9
45
176
101.3
253.9
174.4
151.5
134.7
200.4
173.1
164.8
63.2
163.8
83.2
33.2
67.1
93.4
68.3
190.7
168.2
305
120.5
161.8
173.8
156.8
57.3
131.8
152.5
206.4
308.8
118.2
122.8
63.5
200.1
117
134.6
137
55.7
61.9
118.9
181.5
175.2
11.7
262
239.5
193.1
31.2
99.2
93.3
71.5
110.5
92.1
114
59.7
128.7
100.5
133.2
64.1
51.8
23.1
111.8
73.7
139.8
242.7
124.5
145.8
90.3
221.7
111.2
140.9
110.1
112.8
35.6
178.7
157.7
134.7
148.3
222.8
316.9
273.1
218.7
147.5
86.5
86.8
63.8
104.2
77.9
65.1
39.1
118.2
78.9
48.2
205.1
112.4
53.7
65.6
26.7
98.4
91.9
173.6
225.6
121.7
130.5
71.5
218.7
259.2
135.2
134.6
73.9
55.5
42.4
125.3
168.5
108.5
196.5
59.7
158.1
163.9
127.8
49.3
63.3
110.2
94.7
170
153.7
155.3
119.2
54.2
136.9
101.9
52.1
105.1
116.8
76.8
99.7
135.3
24.6
46.1
161.1
258.2
234
180.8
201.5
56.6
146.8
80.8
97.8
112
148.6
93.2
75.4
202.1
166.4
138.5
153.8
72.4
93.6
61.7
58.5
96.7
148.2
170.2
213.2
104.4
120.4
276.2
101.8
64.1
117.8
85.2
84.1
106.6
248.9
215.1
76.6
99.3
108.4
52.8
41
226.4
119.7
156.7
118.3
85.9
163.4
126.4
143.5
284.5
56.3
78.4
43.6
79.8
93.7
146.7
124.6
99.4
103.6
144.3
130.9
119.9
218.5
193.2
28
98.2
110.3
81.9
158.1
128.5
147.1
150.6
146.1
108.7
173.8
108.5
201.1
122
83.6
120.9
112.2
55.4
121.8
181.8
116.6
108.5
213.8
104.3
152
118.3
66.4
215.3
75.4
174.6
100.2
155.8
330.6
97.7
86.5
125.1
67.1
170
72.1
93.9
63.2
52.4
83.2
211.4
226.9
105.5
105.6
128.3
68.8
67.5
74
100.9
84.6
61.8
61.1
107.9
85.1
151.2
146.3
145.9
121.5
60.2
120.4
39.4
89.6
129.6
85.6
194.6
155.8
201.4
96.2
117.9
142.7
112.1
43.3
90.8
76.6
106.3
103.5
44.7
138.4
125.2
94.5
144.5
100.2
93.4
175.9
150.8
165.5
75.9
77.6
17.8
58.4
183.7
174.1
111.7
74.4
62.5
89.8
111.7
65.8
76.6
111
42
62.7
76.7
143.2
292
105.3
78.7
24.9
44.3
95.5
87.4
109.6
178.4
47.1
199.5
287.5
339.5
67.4
65.7
111.8
47.7
56.5
116.1
57.6
227.9
88.5
113.9
44.7
153.9
97.9
137.7
57
165.5
68
84.7
25
150.7
134.9
115.6
107.1
118.5
139.2
158.7
121.2
58.6
95.2
48.5
114.8
212.2
274.8
191.9
158.9
139.7
102.9
225.4
32.7
16.3
51.4
94.2
96.5
161.7
70.9
253.3
192.5
72.8
47.4
223.9
101.4
88.3
71.5
63.4
162.5
145.5
189.7
229.2
252.2
91
138.2
124.7
16.8
31.6
148
97.2
208.3
178.6
191.7
182.8
218
109.7
91.5
221.8
67.9
93.6
140.7
116.7
36.1
272.7
214.5
210.6
62
181.3
186.5
190.6
36.5
103.5
83.4
102.5
138.6
155.6
232.1
248.6
247.6
288.4
62.3
204.8
71.4
138.1
95.7
37.4
34.5
116.5
278.2
33.1
200.1
303.5
108.5
87.4
37.5
4.1
55.3
28.8
42.4
109.5
232.3
242.1
159.2
78.2
37.1
123
129.2
86
83.4
203.6
345.4
273.4
119
124.3
270.6
213.3
19.3
187.9
93.7
257.5
100.5
103.2
166.6
29.1
193.1
266.8
331
84.7
84.6
173
83.7
68.2
119.7
114.4
162.2
142.4
184.5
123
184.3
223.9
146.8
133.5
97.4
68.7
22.2
268.9
185.3
174.6
174.3
120.2
130.5
181.8
217.4
281.7
68.7
47.1
87.5
44.8
217.7
104.1
144.8
60.7
114.5
368.7
344.7
131.2
77
70.4
150.8
90.1
98.8
83.6
246.8
67.9
245.2
191.2
148.7
169.8
150.5
18.1
109
86.3
65.4
103
190.5
230.6
184
148.1
175.8
253.7
154.9
83.4
13.2
111.2
290.1
192.4
108.1
264.2
162.7
300.9
29.8
108.8
170.8
176.9
71.1
131.3
50.3
129.4
63.7
85.8
351
227.1
114.4
262.2
128.9
44
107.3
113.6
140.5
69
88.1
223.7
317.7
258.1
221.3
173.4
45.4
93
52.2
103.7
24.3
117.7
335.1
103.6
54.8
118.4
200.7
45.4
147.2
87.6
85.6
85.1
50.1
78.5
326
190.9
130
38.4
401.6
138.7
60.4
132.3
139.7
113.8
75.9
142.9
89.8
139.8
229.7
158
132.9
153.3
132.1
75.2
185.3
183.7
154.6
120
276.1
204.5
184.1
291.3
119.5
133.1
136.7
164.3
113.1
69.5
72.7
138.2
106.2
205.6
274.2
180.1
244.4
108.4
93.1
72.4
95.2
74.8
155.6
185.2
240.2
211.2
225.9
87.4
134.5
69.8
93.3
35
93.8
93.8
131.8
121.8
254.4
137.3
86.5
262.6
335.5
137.7
124.5
172
189.8
109.8
129.5
60.8
230.8
197.2
129.2
164
68.9
109.6
65.8
127.6
57
167.4
33.6
83.6
62.6
207.2
163.4
226.4
118.8
148
155.6
63.2
130.4
68.2
309
222.6
227
88.5
177
312
126.8
96.8
123
169.6
91.6
56.4
125
135.2
291.8
140.7
76.9
128.6
100.2
184
117.3
113.6
65.6
81
76.2
181.6
159.2
285
331.4
286.9
125.2
137
40
146.7
137.6
168.2
124.8
107.6
69.6
124.6
197.6
338
183.4
180.6
74.1
17.6
166.8
149.5
224.6
124
351.8
125
152.7
248
65.6
138
80.8
157.2
79.8
235.1
393
91.2
146.6
431.6
112
71.3
48.8
150.2
74.6
36.6
32.8
249
95.8
151.6
108.6
201.4
61.5
205.4
266.1
124.3
101.4
224
116
134.8
150.8
236
249.6
212.4
268.8
164
101.8
58.2
95.2
82.2
245.6
203
202.4
169.4
190.6
239.2
243.6
189.7
98.2
56.1
165.4
119.4
82.2
134.4
102
117.8
242.8
96.8
390.4
129.4
216
157.4
78.3
72.9
38.3
81.7
90.1
88.3
45.1
163.9
197.8
87.8
218.4
31.5
89.3
34.3
31.5
120.8
69.3
47.5
59.9
96.9
201
276.7
171.1
65.3
139.5
142.2
85.5
156.6
119.4
71
265.5
164.1
139.5
116.3
29.4
70
122.7
102.4
81.2
67.3
221.6
143.8
193.7
163.8
94.1
214.2
217.8
50.5
19.8
80.6
48.9
103.6
107.3
241.3
253.3
116
170.9
135.2
18.9
103.9
75.4
49.7
62.8
34.1
111.3
154.3
72.6
137.6
259.4
213.3
171.4
188.3
107.7
200.2
70.9
152.8
151.6
76.8
53.8
106.5
157.5
312.7
20.6
225.1
48.5
86.7
23
104.4
174.5
69.7
118.5
80.7
249.1
124.6
143.7
89.2
77.6
107.9
65.5
173.9
100.5
77
79.1
92.3
149
141
157.5
60.4
110.3
92.5
53.5
137
261.9
181.9
243.3
157.1
148.8
174.9
36
26
98.2
143.6
78.8
141.6
167.1
181.2
116.2
130.2
287
175.7
167.6
58.5
191.1
236.3
30.2
63.7
166
96
164.5
51.9
146.3
239.5
201.1
95.6
103.2
94.7
98.5
142.8
176.5
147.1
153.8
209.7
51.3
207.4
87.7
109.8
107.4
103
154.1
134.5
193.8
231.9
198.5
174.8
44.6
394.3
216.2
168.5
45.3
39.2
199.9
133.1
240.8
111
300.4
224
149.9
56.4
52.7
33.4
40.6
107.5
112.7
202.1
196.6
30
174.6
277.6
330.9
273.3
18.6
101.7
58.5
79.1
106.1
142.6
230.6
107.5
297.1
175.8
136.5
129.7
150.5
28.4
80
116.6
260.2
145.8
45.8
37.2
135.5
286.1
146.3
297.2
4.6
106.3
134.6
86.2
48
197.7
56.5
157.2
230.7
148.3
333.6
227.3
146.2
93.1
77.1
63.9
56.1
173.7
72.6
26.3
94
52.6
36.8
284.7
10.1
113.2
129.2
121.7
65.7
64.2
177.7
181.4
248
57.5
222.1
82.2
195.2
65.3
147.3
29.4
136.1
62.7
127.9
192.1
257.1
155.7
70.6
208
86
116.4
37.3
15.4
73.2
174.5
81.7
142
174
136
240.3
235.1
161.2
81.5
73.5
65.7
104.2
109.7
110
113.4
94.6
30.1
121.7
241.6
107.4
97.4
23.2
157.2
236.5
225.2
76.7
124.1
290.9
289.8
114
171.6
235.2
142.7
62.8
30.6
107.5
183.1
59.4
73.1
84.3
235.6
78.6
85.6
71.9
164.8
97.8
37.3
39.1
169.4
71
134.8
151.3
179.6
187.5
41.8
101.7
115.7
74.5
95.4
50.3
118.5
181.9
66.5
163.3
134
85.2
210.9
73.3
119.5
80.8
137.7
28.8
102
137.3
179
170
37.7
234.7
200.6
139.5
60.4
101.9
172.6
154.8
99
193.9
148.9
256.1
105.9
68.8
199.5
91.4
17
94.7
97.9
142.7
79.2
107.8
157
115.5
262.6
208.7
161.4
209.5
122.4
80.1
160.7
127.1
99.7
50.9
177
156.5
16.1
88.1
193.5
99.9
133.7
50.1
34.3
161.9
116.3
158.8
240.6
22.8
274.3
165.8
165.7
30.8
145.1
254
88.7
124.9
114.2
0.8
117.2
39.2
220.5
79.4
260
148.1
115
111.9
45
176
101.3
253.9
174.4
151.5
134.7
200.4
173.1
164.8
63.2
163.8
83.2
33.2
67.1
93.4
68.3
190.7
168.2
305
120.5
161.8
173.8
156.8
57.3
131.8
152.5
206.4
308.8
118.2
122.8
63.5
200.1
117
134.6
137
55.7
61.9
118.9
181.5
175.2
11.7
262
239.5
193.1
31.2
99.2
93.3
71.5
110.5
92.1
114
59.7
128.7
100.5
133.2
64.1
51.8
23.1
111.8
73.7
139.8
242.7
124.5
145.8
90.3
221.7
111.2
140.9
110.1
112.8
35.6
178.7
157.7
134.7
148.3
222.8
316.9
273.1
218.7
147.5
86.5
86.8
63.8
104.2
77.9
65.1
39.1
118.2
78.9
48.2
205.1
112.4
53.7
65.6
26.7
98.4
91.9
173.6
225.6
121.7
130.5
71.5
218.7
259.2
135.2
134.6
73.9
55.5
42.4
125.3
168.5
108.5
196.5
59.7
158.1
163.9
127.8
49.3
63.3
110.2
94.7
170
153.7
155.3
119.2
54.2
136.9
101.9
52.1
105.1
116.8
76.8
99.7
135.3
24.6
46.1
161.1
258.2
234
180.8
201.5
56.6
146.8
80.8
97.8
112
148.6
93.2
75.4
202.1
166.4
138.5
153.8
72.4
93.6
61.7
58.5
96.7
148.2
170.2
213.2
104.4
120.4
276.2
101.8
64.1
117.8
85.2
84.1
106.6
248.9
215.1
76.6
99.3
108.4
52.8
41
226.4
119.7
156.7
118.3
85.9
163.4
126.4
143.5
284.5
56.3
78.4
43.6
79.8
93.7
146.7
124.6
99.4
103.6
144.3
130.9
119.9
218.5
193.2
28
98.2
110.3
81.9
158.1
128.5
147.1
150.6
146.1
108.7
173.8
108.5
201.1
122
83.6
120.9
112.2
55.4
121.8
181.8
116.6
108.5
213.8
104.3
152
118.3
66.4
215.3
75.4
174.6
100.2
155.8
330.6
97.7
86.5
125.1
67.1
170
72.1
93.9
63.2
52.4
83.2
211.4
226.9
105.5
105.6
128.3
68.8
67.5
74
100.9
84.6
61.8
61.1
107.9
85.1
151.2
146.3
145.9
121.5
60.2
120.4
39.4
89.6
129.6
85.6
194.6
155.8
201.4
96.2
117.9
142.7
112.1
43.3
90.8
76.6
106.3
103.5
44.7
138.4
125.2
94.5
144.5
100.2
93.4
175.9
150.8
165.5
75.9
77.6
17.8
58.4
183.7
174.1
111.7
74.4
62.5
89.8
111.7
65.8
76.6
111
42
62.7
76.7
143.2
292
105.3
78.7
24.9
44.3
95.5
87.4
109.6
178.4
47.1
199.5
287.5
339.5
67.4
65.7
111.8
47.7
56.5
116.1
57.6
227.9
88.5
113.9
44.7
153.9
97.9
137.7
57
165.5
68
84.7
25
150.7
134.9
115.6
107.1
118.5
139.2
158.7
121.2
58.6
95.2
48.5
114.8
212.2
274.8
191.9
158.9
139.7
102.9
225.4
32.7
16.3
51.4
94.2
96.5
161.7
70.9
253.3
192.5
72.8
47.4
223.9
101.4
88.3
71.5
63.4
162.5
145.5
189.7
229.2
252.2
91
138.2
124.7
16.8
31.6
148
97.2
208.3
178.6
191.7
182.8
218
109.7
91.5
221.8
67.9
93.6
140.7
116.7
36.1
272.7
214.5
210.6
62
181.3
186.5
190.6
36.5
103.5
83.4
102.5
138.6
155.6
232.1
248.6
247.6
288.4
62.3
204.8
71.4
138.1
95.7
37.4
34.5
116.5
278.2
33.1
200.1
303.5
108.5
87.4
37.5
4.1
55.3
28.8
42.4
109.5
232.3
242.1
159.2
78.2
37.1
123
129.2
86
83.4
203.6
345.4
273.4
119
124.3
270.6
213.3
19.3
187.9
93.7
257.5
100.5
103.2
166.6
29.1
193.1
266.8
331
84.7
84.6
173
83.7
68.2
119.7
114.4
162.2
142.4
184.5
123
184.3
223.9
146.8
133.5
97.4
68.7
22.2
268.9
185.3
174.6
174.3
120.2
130.5
181.8
217.4
281.7
68.7
47.1
87.5
44.8
217.7
104.1
144.8
60.7
114.5
368.7
344.7
131.2
77
70.4
150.8
90.1
98.8
83.6
246.8
67.9
245.2
191.2
148.7
169.8
150.5
18.1
109
86.3
65.4
103
190.5
230.6
184
148.1
175.8
253.7
154.9
83.4
13.2
111.2
290.1
192.4
108.1
264.2
162.7
300.9
29.8
108.8
170.8
176.9
71.1
131.3
50.3
129.4
63.7
85.8
351
227.1
114.4
262.2
128.9
44
107.3
113.6
140.5
69
88.1
223.7
317.7
258.1
221.3
173.4
45.4
93
52.2
103.7
24.3
117.7
335.1
103.6
54.8
118.4
200.7
45.4
147.2
87.6
85.6
85.1
50.1
78.5
326
190.9
130
38.4
401.6
138.7
60.4
132.3
139.7
113.8
75.9
142.9
89.8
139.8
229.7
158
132.9
153.3
132.1
75.2
185.3
183.7
154.6
120
276.1
204.5
184.1
291.3
119.5
133.1
136.7
164.3
113.1
69.5
72.7
138.2
106.2
205.6
274.2
180.1
244.4
108.4
93.1
72.4
95.2
74.8
155.6
185.2
240.2
211.2
225.9
87.4
134.5
69.8
93.3
35
93.8
93.8
131.8
121.8
254.4
137.3
86.5
262.6
335.5
137.7
124.5
172
189.8
109.8
129.5
60.8
230.8
197.2
129.2
164
68.9
109.6
65.8
127.6
57
167.4
33.6
83.6
62.6
207.2
163.4
226.4
118.8
148
155.6
63.2
130.4
68.2
309
222.6
227
88.5
177
312
126.8
96.8
123
169.6
91.6
56.4
125
135.2
291.8
140.7
76.9
128.6
100.2
184
117.3
113.6
65.6
81
76.2
181.6
159.2
285
331.4
286.9
125.2
137
40
146.7
137.6
168.2
124.8
107.6
69.6
124.6
197.6
338
183.4
180.6
74.1
17.6
166.8
149.5
224.6
124
351.8
125
152.7
248
65.6
138
80.8
157.2
79.8
235.1
393
91.2
146.6
431.6
112
71.3
48.8
150.2
74.6
36.6
32.8
249
95.8
151.6
108.6
201.4
61.5
205.4
266.1
124.3
101.4
224
116
134.8
150.8
236
249.6
212.4
268.8
164
101.8
58.2
95.2
82.2
245.6
203
202.4
169.4
190.6
239.2
243.6
189.7
98.2
56.1
165.4
119.4
82.2
134.4
102
117.8
242.8
96.8
390.4
129.4
216
157.4
78.3
72.9
38.3
81.7
90.1
88.3
45.1
163.9
197.8
87.8
218.4
31.5
89.3
34.3
31.5
120.8
69.3
47.5
59.9
96.9
201
276.7
171.1
65.3
139.5
142.2
85.5
156.6
119.4
71
265.5
164.1
139.5
116.3
29.4
70
122.7
102.4
81.2
67.3
221.6
143.8
193.7
163.8
94.1
214.2
217.8
50.5
19.8
80.6
48.9
103.6
107.3
241.3
253.3
116
170.9
135.2
18.9
103.9
75.4
49.7
62.8
34.1
111.3
154.3
72.6
137.6
259.4
213.3
171.4
188.3
107.7
200.2
70.9
152.8
151.6
76.8
53.8
106.5
157.5
312.7
20.6
225.1
48.5
86.7
23
104.4
174.5
69.7
118.5
80.7
249.1
124.6
143.7
89.2
77.6
107.9
65.5
173.9
100.5
77
79.1
92.3
149
141
157.5
60.4
110.3
92.5
53.5
137
261.9
181.9
243.3
157.1
148.8
174.9
36
26
98.2
143.6
78.8
141.6
167.1
181.2
116.2
130.2
287
175.7
167.6
58.5
191.1
236.3
30.2
63.7
166
96
164.5
51.9
146.3
239.5
201.1
95.6
103.2
94.7
98.5
142.8
176.5
147.1
153.8
209.7
51.3
207.4
87.7
109.8
107.4
103
154.1
134.5
193.8
231.9
198.5
174.8
44.6
394.3
216.2
168.5
45.3
39.2
199.9
133.1
240.8
111
300.4
224
149.9
56.4
52.7
33.4
40.6
107.5
112.7
202.1
196.6
30
174.6
277.6
330.9
273.3
18.6
101.7
58.5
79.1
106.1
142.6
230.6
107.5
297.1
175.8
136.5
129.7
150.5
28.4
80
116.6
260.2
145.8
45.8
37.2
135.5
286.1
146.3
297.2
4.6
106.3
134.6
86.2
48
197.7
56.5
157.2
230.7
148.3
333.6
227.3
146.2
93.1
77.1
63.9
56.1
173.7
72.6
26.3
94
52.6
36.8
284.7
10.1
113.2
129.2
121.7
65.7
64.2
177.7
181.4
248
57.5
222.1
82.2
195.2
65.3
147.3
29.4
136.1
62.7
127.9
192.1
257.1
155.7
70.6
208
86
116.4
37.3
15.4
73.2
174.5
81.7
142
174
136
240.3
235.1
161.2
81.5
73.5
65.7
104.2
109.7
110
113.4
94.6
30.1
121.7
241.6
107.4
97.4
23.2
157.2
236.5
225.2
76.7
124.1
290.9
289.8
114
171.6
235.2
142.7
62.8
30.6
107.5
183.1
59.4
73.1
84.3
235.6
78.6
85.6
71.9
164.8
97.8
37.3
39.1
169.4
71
134.8
151.3
179.6
187.5
41.8
101.7
115.7
74.5
95.4
50.3
118.5
181.9
66.5
163.3
134
85.2
210.9
73.3
119.5
80.8
137.7
28.8
102
137.3
179
170
37.7
234.7
200.6
139.5
60.4
101.9
172.6
154.8
99
193.9
148.9
256.1
105.9
68.8
199.5
91.4
17
94.7
97.9
142.7
79.2
107.8
157
115.5
262.6
208.7
161.4
209.5
122.4
80.1
160.7
127.1
99.7
50.9
177
156.5
16.1
88.1
193.5
99.9
133.7
50.1
34.3
161.9
116.3
158.8
240.6
22.8
274.3
165.8
165.7
30.8
145.1
254
88.7
124.9
114.2
0.8
117.2
39.2
220.5
79.4
260
148.1
115
111.9
45
176
101.3
253.9
174.4
151.5
134.7
200.4
173.1
164.8
63.2
163.8
83.2
33.2
67.1
93.4
68.3
190.7
168.2
305
120.5
161.8
173.8
156.8
57.3
131.8
152.5
206.4
308.8
118.2
122.8
63.5
200.1
117
134.6
137
55.7
61.9
118.9
181.5
175.2
11.7
262
239.5
193.1
31.2
99.2
93.3
71.5
110.5
92.1
114
59.7
128.7
100.5
133.2
64.1
51.8
23.1
111.8
73.7
139.8
242.7
124.5
145.8
90.3
221.7
111.2
140.9
110.1
112.8
35.6
178.7
157.7
134.7
148.3
222.8
316.9
273.1
218.7
147.5
86.5
86.8
63.8
104.2
77.9
65.1
39.1
118.2
78.9
48.2
205.1
112.4
53.7
65.6
26.7
98.4
91.9
173.6
225.6
121.7
130.5
71.5
218.7
259.2
135.2
134.6
73.9
55.5
42.4
125.3
168.5
108.5
196.5
59.7
158.1
163.9
127.8
49.3
63.3
110.2
94.7
170
153.7
155.3
119.2
54.2
136.9
101.9
52.1
105.1
116.8
76.8
99.7
135.3
24.6
46.1
161.1
258.2
234
180.8
201.5
56.6
146.8
80.8
97.8
112
148.6
93.2
75.4
202.1
166.4
138.5
153.8
72.4
93.6
61.7
58.5
96.7
148.2
170.2
213.2
104.4
120.4
276.2
101.8
64.1
117.8
85.2
84.1
106.6
248.9
215.1
76.6
99.3
108.4
52.8
41
226.4
119.7
156.7
118.3
85.9
163.4
126.4
143.5
284.5
56.3
78.4
43.6
79.8
93.7
146.7
124.6
99.4
103.6
144.3
130.9
119.9
218.5
193.2
28
98.2
110.3
81.9
158.1
128.5
147.1
150.6
146.1
108.7
173.8
108.5
201.1
122
83.6
120.9
112.2
55.4
121.8
181.8
116.6
108.5
213.8
104.3
152
118.3
66.4
215.3
75.4
174.6
100.2
155.8
330.6
97.7
86.5
125.1
67.1
170
72.1
93.9
63.2
52.4
83.2
211.4
226.9
105.5
105.6
128.3
68.8
67.5
74
100.9
84.6
61.8
61.1
107.9
85.1
151.2
146.3
145.9
121.5
60.2
120.4
39.4
89.6
129.6
85.6
194.6
155.8
201.4
96.2
117.9
142.7
112.1
43.3
90.8
76.6
106.3
103.5
44.7
138.4
125.2
94.5
144.5
100.2
93.4
175.9
150.8
165.5
75.9
77.6
17.8
58.4
183.7
174.1
111.7
74.4
62.5
89.8
111.7
65.8
76.6
111
42
62.7
76.7
143.2
292
105.3
78.7
24.9
44.3
95.5
87.4
109.6
178.4
47.1
199.5
287.5
339.5
67.4
65.7
111.8
47.7
56.5
116.1
57.6
227.9
88.5
113.9
44.7
153.9
97.9
137.7
57
165.5
68
84.7
25
150.7
134.9
115.6
107.1
118.5
139.2
158.7
121.2
58.6
95.2
48.5
114.8
212.2
274.8
191.9
158.9
139.7
102.9
225.4
32.7
16.3
51.4
94.2
96.5
161.7
70.9
253.3
192.5
72.8
47.4
223.9
101.4
88.3
71.5
63.4
162.5
145.5
189.7
229.2
252.2
91
138.2
124.7
16.8
31.6
148
97.2
208.3
178.6
191.7
182.8
218
109.7
91.5
221.8
67.9
93.6
140.7
116.7
36.1
272.7
214.5
210.6
62
181.3
186.5
190.6
36.5
103.5
83.4
102.5
138.6
155.6
232.1
248.6
247.6
288.4
62.3
204.8
71.4
138.1
95.7
37.4
34.5
116.5
278.2
33.1
200.1
303.5
108.5
87.4
37.5
4.1
55.3
28.8
42.4
109.5
232.3
242.1
159.2
78.2
37.1
123
129.2
86
83.4
203.6
345.4
273.4
119
124.3
270.6
213.3
19.3
187.9
93.7
257.5
100.5
103.2
166.6
29.1
193.1
266.8
331
84.7
84.6
173
83.7
68.2
119.7
114.4
162.2
142.4
184.5
123
184.3
223.9
146.8
133.5
97.4
68.7
22.2
268.9
185.3
174.6
174.3
120.2
130.5
181.8
217.4
281.7
68.7
47.1
87.5
44.8
217.7
104.1
144.8
60.7
114.5
368.7
344.7
131.2
77
70.4
150.8
90.1
98.8
83.6
246.8
67.9
245.2
191.2
148.7
169.8
150.5
18.1
109
86.3
65.4
103
190.5
230.6
184
148.1
175.8
253.7
154.9
83.4
13.2
111.2
290.1
192.4
108.1
264.2
162.7
300.9
29.8
108.8
170.8
176.9
71.1
131.3
50.3
129.4
63.7
85.8
351
227.1
114.4
262.2
128.9
44
107.3
113.6
140.5
69
88.1
223.7
317.7
258.1
221.3
173.4
45.4
93
52.2
103.7
24.3
117.7
335.1
103.6
54.8
118.4
200.7
45.4
147.2
87.6
85.6
85.1
50.1
78.5
326
190.9
130
38.4
401.6
138.7
60.4
132.3
139.7
113.8
75.9
142.9
89.8
139.8
229.7
158
132.9
153.3
132.1
75.2
185.3
183.7
154.6
120
276.1
204.5
184.1
291.3
119.5
133.1
136.7
164.3
113.1
69.5
72.7
138.2
106.2
205.6
274.2
180.1
244.4
108.4
93.1
72.4
95.2
74.8
155.6
185.2
240.2
211.2
225.9
87.4
134.5
69.8
93.3
35
93.8
93.8
131.8
121.8
254.4
137.3
86.5
262.6
335.5
137.7
124.5
172
189.8
109.8
129.5
60.8
230.8
197.2
129.2
164
68.9
109.6
65.8
127.6
57
167.4
33.6
83.6
62.6
207.2
163.4
226.4
118.8
148
155.6
63.2
130.4
68.2
309
222.6
227
88.5
177
312
126.8
96.8
123
169.6
91.6
56.4
125
135.2
291.8
140.7
76.9
128.6
100.2
184
117.3
113.6
65.6
81
76.2
181.6
159.2
285
331.4
286.9
125.2
137
40
146.7
137.6
168.2
124.8
107.6
69.6
124.6
197.6
338
183.4
180.6
74.1
17.6
166.8
149.5
224.6
124
351.8
125
152.7
248
65.6
138
80.8
157.2
79.8
235.1
393
91.2
146.6
431.6
112
71.3
48.8
150.2
74.6
36.6
32.8
249
95.8
151.6
108.6
201.4
61.5
205.4
266.1
124.3
101.4
224
116
134.8
150.8
236
249.6
212.4
268.8
164
101.8
58.2
95.2
82.2
245.6
203
202.4
169.4
190.6
239.2
243.6
189.7
98.2
56.1
165.4
119.4
82.2
134.4
102
117.8
242.8
96.8
390.4
129.4
216
157.4
78.3
72.9
38.3
81.7
90.1
88.3
45.1
163.9
197.8
87.8
218.4
31.5
89.3
34.3
31.5
120.8
69.3
47.5
59.9
96.9
201
276.7
171.1
65.3
139.5
142.2
85.5
156.6
119.4
71
265.5
164.1
139.5
116.3
29.4
70
122.7
102.4
81.2
67.3
221.6
143.8
193.7
163.8
94.1
214.2
217.8
50.5
19.8
80.6
48.9
103.6
107.3
241.3
253.3
116
170.9
135.2
18.9
103.9
75.4
49.7
62.8
34.1
111.3
154.3
72.6
137.6
259.4
213.3
171.4
188.3
107.7
200.2
70.9
152.8
151.6
76.8
53.8
106.5
157.5
312.7
20.6
225.1
48.5
86.7
23
104.4
174.5
69.7
118.5
80.7
249.1
124.6
143.7
89.2
77.6
107.9
65.5
173.9
100.5
77
79.1
92.3
149
141
157.5
60.4
110.3
92.5
53.5
137
261.9
181.9
243.3
157.1
148.8
174.9
36
26
98.2
143.6
78.8
141.6
167.1
181.2
116.2
130.2
287
175.7
167.6
58.5
191.1
236.3
30.2
63.7
166
96
164.5
51.9
146.3
239.5
201.1
95.6
103.2
94.7
98.5
142.8
176.5
147.1
153.8
209.7
51.3
207.4
87.7
109.8
107.4
103
154.1
134.5
193.8
231.9
198.5
174.8
44.6
394.3
216.2
168.5
45.3
39.2
199.9
133.1
240.8
111
300.4
224
149.9
56.4
52.7
33.4
40.6
107.5
112.7
202.1
196.6
30
174.6
277.6
330.9
273.3
18.6
101.7
58.5
79.1
106.1
142.6
230.6
107.5
297.1
175.8
136.5
129.7
150.5
28.4
80
116.6
260.2
145.8
45.8
37.2
135.5
286.1
146.3
297.2
4.6
106.3
134.6
86.2
48
197.7
56.5
157.2
230.7
148.3
333.6
227.3
146.2
93.1
77.1
63.9
56.1
173.7
72.6
26.3
94
52.6
36.8
284.7
10.1
113.2
129.2
121.7
65.7
64.2
177.7
181.4
248
57.5
222.1
82.2
195.2
65.3
147.3
29.4
136.1
62.7
127.9
192.1
257.1
155.7
70.6
208
86
116.4
37.3
15.4
73.2
174.5
81.7
142
174
136
240.3
235.1
161.2
81.5
73.5
65.7
104.2
109.7
110
113.4
94.6
30.1
121.7
241.6
107.4
97.4
23.2
157.2
236.5
225.2
76.7
124.1
290.9
289.8
114
171.6
235.2
142.7
62.8
30.6
107.5
183.1
59.4
73.1
84.3
235.6
78.6
85.6
71.9
164.8
97.8
37.3
39.1
169.4
71
134.8
151.3
179.6
187.5
41.8
101.7
115.7
74.5
95.4
50.3
118.5
181.9
66.5
163.3
134
85.2
210.9
73.3
119.5
80.8
137.7
28.8
102
137.3
179
170
37.7
234.7
200.6
139.5
60.4
101.9
172.6
154.8
99
193.9
148.9
256.1
105.9
68.8
199.5
91.4
17
94.7
97.9
142.7
79.2
107.8
157
115.5
262.6
208.7
161.4
209.5
122.4
80.1
160.7
127.1
99.7
50.9
177
156.5
16.1
88.1
193.5
99.9
133.7
50.1
34.3
161.9
116.3
158.8
240.6
22.8
274.3
165.8
165.7
30.8
145.1
254
88.7
124.9
114.2
0.8
117.2
39.2
220.5
79.4
260
148.1
115
111.9
45
176
101.3
253.9
174.4
151.5
134.7
200.4
173.1
164.8
63.2
163.8
83.2
33.2
67.1
93.4
68.3
190.7
168.2
305
120.5
161.8
173.8
156.8
57.3
131.8
152.5
206.4
308.8
118.2
122.8
63.5
200.1
117
134.6
137
55.7
61.9
118.9
181.5
175.2
11.7
262
239.5
193.1
31.2
99.2
93.3
71.5
110.5
92.1
114
59.7
128.7
100.5
133.2
64.1
51.8
23.1
111.8
73.7
139.8
242.7
124.5
145.8
90.3
221.7
111.2
140.9
110.1
112.8
35.6
178.7
157.7
134.7
148.3
222.8
316.9
273.1
218.7
147.5
86.5
86.8
63.8
104.2
77.9
65.1
39.1
118.2
78.9
48.2
205.1
112.4
53.7
65.6
26.7
98.4
91.9
173.6
225.6
121.7
130.5
71.5
218.7
259.2
135.2
134.6
73.9
55.5
42.4
125.3
168.5
108.5
196.5
59.7
158.1
163.9
127.8
49.3
63.3
110.2
94.7
170
153.7
155.3
119.2
54.2
136.9
101.9
52.1
105.1
116.8
76.8
99.7
135.3
24.6
46.1
161.1
258.2
234
180.8
201.5
56.6
146.8
80.8
97.8
112
148.6
93.2
75.4
202.1
166.4
138.5
153.8
72.4
93.6
61.7
58.5
96.7
148.2
170.2
213.2
104.4
120.4
276.2
101.8
64.1
117.8
85.2
84.1
106.6
248.9
215.1
76.6
99.3
108.4
52.8
41
226.4
119.7
156.7
118.3
85.9
163.4
126.4
143.5
284.5
56.3
78.4
43.6
79.8
93.7
146.7
124.6
99.4
103.6
144.3
130.9
119.9
218.5
193.2
28
98.2
110.3
81.9
158.1
128.5
147.1
150.6
146.1
108.7
173.8
108.5
201.1
122
83.6
120.9
112.2
55.4
121.8
181.8
116.6
108.5
213.8
104.3
152
118.3
66.4
215.3
75.4
174.6
100.2
155.8
330.6
97.7
86.5
125.1
67.1
170
72.1
93.9
63.2
52.4
83.2
211.4
226.9
105.5
105.6
128.3
68.8
67.5
74
100.9
84.6
61.8
61.1
107.9
85.1
151.2
146.3
145.9
121.5
60.2
120.4
39.4
89.6
129.6
85.6
194.6
155.8
201.4
96.2
117.9
142.7
112.1
43.3
90.8
76.6
106.3
103.5
44.7
138.4
125.2
94.5
144.5
100.2
93.4
175.9
150.8
165.5
75.9
77.6
17.8
58.4
183.7
174.1
111.7
74.4
62.5
89.8
111.7
65.8
76.6
111
42
62.7
76.7
143.2
292
105.3
78.7
24.9
44.3
95.5
87.4
109.6
178.4
47.1
199.5
287.5
339.5
67.4
65.7
111.8
47.7
56.5
116.1
57.6
227.9
88.5
113.9
44.7
153.9
97.9
137.7
57
165.5
68
84.7
25
150.7
134.9
115.6
107.1
118.5
139.2
158.7
121.2
58.6
95.2
48.5
114.8
212.2
274.8
191.9
158.9
139.7
102.9
225.4
32.7
16.3
51.4
94.2
96.5
161.7
70.9
253.3
192.5
72.8
47.4
223.9
101.4
88.3
71.5
63.4
162.5
145.5
189.7
229.2
252.2
91
138.2
124.7
16.8
31.6
148
97.2
208.3
178.6
191.7
182.8
218
109.7
91.5
221.8
67.9
93.6
140.7
116.7
36.1
272.7
214.5
210.6
62
181.3
186.5
190.6
36.5
103.5
83.4
102.5
138.6
155.6
232.1
248.6
247.6
288.4
62.3
204.8
71.4
138.1
95.7
37.4
34.5
116.5
278.2
33.1
200.1
303.5
108.5
87.4
37.5
4.1
55.3
28.8
42.4
109.5
232.3
242.1
159.2
78.2
37.1
123
129.2
86
83.4
203.6
345.4
273.4
119
124.3
270.6
213.3
19.3
187.9
93.7
257.5
100.5
103.2
166.6
29.1
193.1
266.8
331
84.7
84.6
173
83.7
68.2
119.7
114.4
162.2
142.4
184.5
123
184.3
223.9
146.8
133.5
97.4
68.7
22.2
268.9
185.3
174.6
174.3
120.2
130.5
181.8
217.4
281.7
68.7
47.1
87.5
44.8
217.7
104.1
144.8
60.7
114.5
368.7
344.7
131.2
77
70.4
150.8
90.1
98.8
83.6
246.8
67.9
245.2
191.2
148.7
169.8
150.5
18.1
109
86.3
65.4
103
190.5
230.6
184
148.1
175.8
253.7
154.9
83.4
13.2
111.2
290.1
192.4
108.1
264.2
162.7
300.9
29.8
108.8
170.8
176.9
71.1
131.3
50.3
129.4
63.7
85.8
351
227.1
114.4
262.2
128.9
44
107.3
113.6
140.5
69
88.1
223.7
317.7
258.1
221.3
173.4
45.4
93
52.2
103.7
24.3
117.7
335.1
103.6
54.8
118.4
200.7
45.4
147.2
87.6
85.6
85.1
50.1
78.5
326
190.9
130
38.4
401.6
138.7
60.4
132.3
139.7
113.8
75.9
142.9
89.8
139.8
229.7
158
132.9
153.3
132.1
75.2
185.3
183.7
154.6
120
276.1
204.5
184.1
291.3
119.5
133.1
136.7
164.3
113.1
69.5
72.7
138.2
106.2
205.6
274.2
180.1
244.4
108.4
93.1
72.4
95.2
74.8
155.6
185.2
240.2
211.2
225.9
87.4
134.5
69.8
93.3
35
93.8
93.8
131.8
121.8
254.4
137.3
86.5
262.6
335.5
137.7
124.5
172
189.8
109.8
129.5
60.8
230.8
197.2
129.2
164
68.9
109.6
65.8
127.6
57
167.4
33.6
83.6
62.6
207.2
163.4
226.4
118.8
148
155.6
63.2
130.4
68.2
309
222.6
227
88.5
177
312
126.8
96.8
123
169.6
91.6
56.4
125
135.2
291.8
140.7
76.9
128.6
100.2
184
117.3
113.6
65.6
81
76.2
181.6
159.2
285
331.4
286.9
125.2
137
40
146.7
137.6
168.2
124.8
107.6
69.6
124.6
197.6
338
183.4
180.6
74.1
17.6
166.8
149.5
224.6
124
351.8
125
152.7
248
65.6
138
80.8
157.2
79.8
235.1
393
91.2
146.6
431.6
112
71.3
48.8
150.2
74.6
36.6
32.8
249
95.8
151.6
108.6
201.4
61.5
205.4
266.1
124.3
101.4
224
116
134.8
150.8
236
249.6
212.4
268.8
164
101.8
58.2
95.2
82.2
245.6
203
202.4
169.4
190.6
239.2
243.6
189.7
98.2
56.1
165.4
119.4
82.2
134.4
102
117.8
242.8
96.8
390.4
129.4
216
157.4
78.3
72.9
38.3
81.7
90.1
88.3
45.1
163.9
197.8
87.8
218.4
31.5
89.3
34.3
31.5
120.8
69.3
47.5
59.9
96.9
201
276.7
171.1
65.3
139.5
142.2
85.5
156.6
119.4
71
265.5
164.1
139.5
116.3
29.4
70
122.7
102.4
81.2
67.3
221.6
143.8
193.7
163.8
94.1
214.2
217.8
50.5
19.8
80.6
48.9
103.6
107.3
241.3
253.3
116
170.9
135.2
18.9
103.9
75.4
49.7
62.8
34.1
111.3
154.3
72.6
137.6
259.4
213.3
171.4
188.3
107.7
200.2
70.9
152.8
151.6
76.8
53.8
106.5
157.5
312.7
20.6
225.1
48.5
86.7
23
104.4
174.5
69.7
118.5
80.7
249.1
124.6
143.7
89.2
77.6
107.9
65.5
173.9
100.5
77
79.1
92.3
149
141
157.5
60.4
110.3
92.5
53.5
137
261.9
181.9
243.3
157.1
148.8
174.9
36
26
98.2
143.6
78.8
141.6
167.1
181.2
116.2
130.2
287
175.7
167.6
58.5
191.1
236.3
30.2
63.7
166
96
164.5
51.9
146.3
239.5
201.1
95.6
103.2
94.7
98.5
142.8
176.5
147.1
153.8
209.7
51.3
207.4
87.7
109.8
107.4
103
154.1
134.5
193.8
231.9
198.5
174.8
44.6
394.3
216.2
168.5
45.3
39.2
199.9
133.1
240.8
111
300.4
224
149.9
56.4
52.7
33.4
40.6
107.5
112.7
202.1
196.6
30
174.6
277.6
330.9
273.3
18.6
101.7
58.5
79.1
106.1
142.6
230.6
107.5
297.1
175.8
136.5
129.7
150.5
28.4
80
116.6
260.2
145.8
45.8
37.2
135.5
286.1
146.3
297.2
4.6
106.3
134.6
86.2
48
197.7
56.5
157.2
230.7
148.3
333.6
227.3
146.2
93.1
77.1
63.9
56.1
173.7
72.6
26.3
94
52.6
36.8
284.7
10.1
113.2
129.2
121.7
65.7
64.2
177.7
181.4
248
57.5
222.1
82.2
195.2
65.3
147.3
29.4
136.1
62.7
127.9
192.1
257.1
155.7
70.6
208
86
116.4
37.3
15.4
73.2
174.5
81.7
142
174
136
240.3
235.1
161.2
81.5
73.5
65.7
104.2
109.7
110
113.4
94.6
30.1
121.7
241.6
107.4
97.4
23.2
157.2
236.5
225.2
76.7
124.1
290.9
289.8
114
171.6
235.2
142.7
62.8
30.6
107.5
183.1
59.4
73.1
84.3
235.6
78.6
85.6
71.9
164.8
97.8
37.3
39.1
169.4
71
134.8
151.3
179.6
187.5
41.8
101.7
115.7
74.5
95.4
50.3
118.5
181.9
66.5
163.3
134
85.2
210.9
73.3
119.5
80.8
137.7
28.8
102
137.3
179
170
37.7
234.7
200.6
139.5
60.4
101.9
172.6
154.8
99
193.9
148.9
256.1
105.9
68.8
199.5
91.4
17
94.7
97.9
142.7
79.2
107.8
157
115.5
262.6
208.7
161.4
209.5
122.4
80.1
160.7
127.1
99.7
50.9
177
156.5
16.1
88.1
193.5
99.9
133.7
50.1
34.3
161.9
116.3
158.8
240.6
22.8
274.3
165.8
165.7
30.8
145.1
254
88.7
124.9
114.2
0.8
117.2
39.2
220.5
79.4
260
148.1
115
111.9
45
176
101.3
253.9
174.4
151.5
134.7
200.4
173.1
164.8
63.2
163.8
83.2
33.2
67.1
93.4
68.3
190.7
168.2
305
120.5
161.8
173.8
156.8
57.3
131.8
152.5
206.4
308.8
118.2
122.8
63.5
200.1
117
134.6
137
55.7
61.9
118.9
181.5
175.2
11.7
262
239.5
193.1
31.2
99.2
93.3
71.5
110.5
92.1
114
59.7
128.7
100.5
133.2
64.1
51.8
23.1
111.8
73.7
139.8
242.7
124.5
145.8
90.3
221.7
111.2
140.9
110.1
112.8
35.6
178.7
157.7
134.7
148.3
222.8
316.9
273.1
218.7
147.5
86.5
86.8
63.8
104.2
77.9
65.1
39.1
118.2
78.9
48.2
205.1
112.4
53.7
65.6
26.7
98.4
91.9
173.6
225.6
121.7
130.5
71.5
218.7
259.2
135.2
134.6
73.9
55.5
42.4
125.3
168.5
108.5
196.5
59.7
158.1
163.9
127.8
49.3
63.3
110.2
94.7
170
153.7
155.3
119.2
54.2
136.9
101.9
52.1
105.1
116.8
76.8
99.7
135.3
24.6
46.1
161.1
258.2
234
180.8
201.5
56.6
146.8
80.8
97.8
112
148.6
93.2
75.4
202.1
166.4
138.5
153.8
72.4
93.6
61.7
58.5
96.7
148.2
170.2
213.2
104.4
120.4
276.2
101.8
64.1
117.8
85.2
84.1
106.6
248.9
215.1
76.6
99.3
108.4
52.8
41
226.4
119.7
156.7
118.3
85.9
163.4
126.4
143.5
284.5
56.3
78.4
43.6
79.8
93.7
146.7
124.6
99.4
103.6
144.3
130.9
119.9
218.5
193.2
28
98.2
110.3
81.9
158.1
128.5
147.1
150.6
146.1
108.7
173.8
108.5
201.1
122
83.6
120.9
112.2
55.4
121.8
181.8
116.6
108.5
213.8
104.3
152
118.3
66.4
215.3
75.4
174.6
100.2
155.8
330.6
97.7
86.5
125.1
67.1
170
72.1
93.9
63.2
52.4
83.2
211.4
226.9
105.5
105.6
128.3
68.8
67.5
74
100.9
84.6
61.8
61.1
107.9
85.1
151.2
146.3
145.9
121.5
60.2
120.4
39.4
89.6
129.6
85.6
194.6
155.8
201.4
96.2
117.9
142.7
112.1
43.3
90.8
76.6
106.3
103.5
44.7
138.4
125.2
94.5
144.5
100.2
93.4
175.9
150.8
165.5
75.9
77.6
17.8
58.4
183.7
174.1
111.7
74.4
62.5
89.8
111.7
65.8
76.6
111
42
62.7
76.7
143.2
292
105.3
78.7
24.9
44.3
95.5
87.4
109.6
178.4
47.1
199.5
287.5
339.5
67.4
65.7
111.8
47.7
56.5
116.1
57.6
227.9
88.5
113.9
44.7
153.9
97.9
137.7
57
165.5
68
84.7
25
150.7
134.9
115.6
107.1
118.5
139.2
158.7
121.2
58.6
95.2
48.5
114.8
212.2
274.8
191.9
158.9
139.7
102.9
225.4
32.7
16.3
51.4
94.2
96.5
161.7
70.9
253.3
192.5
72.8
47.4
223.9
101.4
88.3
71.5
63.4
162.5
145.5
189.7
229.2
252.2
91
138.2
124.7
16.8
31.6
148
97.2
208.3
178.6
191.7
182.8
218
109.7
91.5
221.8
67.9
93.6
140.7
116.7
36.1
272.7
214.5
210.6
62
181.3
186.5
190.6
36.5
103.5
83.4
102.5
138.6
155.6
232.1
248.6
247.6
288.4
62.3
204.8
71.4
138.1
95.7
37.4
34.5
116.5
278.2
33.1
200.1
303.5
108.5
87.4
37.5
4.1
55.3
28.8
42.4
109.5
232.3
242.1
159.2
78.2
37.1
123
129.2
86
83.4
203.6
345.4
273.4
119
124.3
270.6
213.3
19.3
187.9
93.7
257.5
100.5
103.2
166.6
29.1
193.1
266.8
331
84.7
84.6
173
83.7
68.2
119.7
114.4
162.2
142.4
184.5
123
184.3
223.9
146.8
133.5
97.4
68.7
22.2
268.9
185.3
174.6
174.3
120.2
130.5
181.8
217.4
281.7
68.7
47.1
87.5
44.8
217.7
104.1
144.8
60.7
114.5
368.7
344.7
131.2
77
70.4
150.8
90.1
98.8
83.6
246.8
67.9
245.2
191.2
148.7
169.8
150.5
18.1
109
86.3
65.4
103
190.5
230.6
184
148.1
175.8
253.7
154.9
83.4
13.2
111.2
290.1
192.4
108.1
264.2
162.7
300.9
29.8
108.8
170.8
176.9
71.1
131.3
50.3
129.4
63.7
85.8
351
227.1
114.4
262.2
128.9
44
107.3
113.6
140.5
69
88.1
223.7
317.7
258.1
221.3
173.4
45.4
93
52.2
103.7
24.3
117.7
335.1
103.6
54.8
118.4
200.7
45.4
147.2
87.6
85.6
85.1
50.1
78.5
326
190.9
130
38.4
401.6
138.7
60.4
132.3
139.7
113.8
75.9
142.9
89.8
139.8
229.7
158
132.9
153.3
132.1
75.2
185.3
183.7
154.6
120
276.1
204.5
184.1
291.3
119.5
133.1
136.7
164.3
113.1
69.5
72.7
138.2
106.2
205.6
274.2
180.1
244.4
108.4
93.1
72.4
95.2
74.8
155.6
185.2
240.2
211.2
225.9
87.4
134.5
69.8
93.3
35
93.8
93.8
131.8
121.8
254.4
137.3
86.5
262.6
335.5
137.7
124.5
172
189.8
109.8
129.5
60.8
230.8
197.2
129.2
164
68.9
109.6
65.8
127.6
57
167.4
33.6
83.6
62.6
207.2
163.4
226.4
118.8
148
155.6
63.2
130.4
68.2
309
222.6
227
88.5
177
312
126.8
96.8
123
169.6
91.6
56.4
125
135.2
291.8
140.7
76.9
128.6
100.2
184
117.3
113.6
65.6
81
76.2
181.6
159.2
285
331.4
286.9
125.2
137
40
146.7
137.6
168.2
124.8
107.6
69.6
124.6
197.6
338
183.4
180.6
74.1
17.6
166.8
149.5
224.6
124
351.8
125
152.7
248
65.6
138
80.8
157.2
79.8
235.1
393
91.2
146.6
431.6
112
71.3
48.8
150.2
74.6
36.6
32.8
249
95.8
151.6
108.6
201.4
61.5
205.4
266.1
124.3
101.4
224
116
134.8
150.8
236
249.6
212.4
268.8
164
101.8
58.2
95.2
82.2
245.6
203
202.4
169.4
190.6
239.2
243.6
189.7
98.2
56.1
165.4
119.4
82.2
134.4
102
117.8
242.8
96.8
390.4
